Python 3.6.8 (default, Aug 20 2019, 17:12:48)  [GCC 8.3.0]
1892113806
2209599163
23120788
520958555
901940321
2580913108
2780019656
1397596564
459095160
2009601564
2452764363
661782098
126108138
775595725
2106700849
1665292714
1395349682
2313859326
2109152385
1929341020
1141493569
2297342076
1157469199
1089267209
751204371
1457442474
2864252320
2511335032
3112249290
737574719
2506000935
825118846
2267135347
2084681048
2080626212
546005591
2910894157
2565671947
1707453401
2991644760
545145977
884110268
1311768867
2120874007
1884401498
1037500857
1382970816
394641003
2556768939
730151472
214173731
1247507559
1591657332
1970484983
1628468696
2876863784
1861526386
2764556023
2653741387
1693572882
52877532
289872864
2458447996
3133137637
815680970
754760661
1530615992
1596860874
2487302776
701650659
776291126
1185745436
2582922037
1990948768
379111122
2234794449
3116845005
188689215
1903984503
178765106
2505364248
628935700
1775146070
1546744981
562937893
2112841549
720347618
2626911265
2447544370
1674718821
745576301
2851622175
1452949725
1193913099
850082180
2143648262
165524652
1664133447
1782520968
2800502563
1292672270
1310777908
1374448798
1262722260
2729195397
831052461
394527583
2821687
2298731181
2838432907
1875162851
261334238
1445033594
1589217861
2478667564
1139249325
340232261
1346312499
1981787754
2058282620
1930597328
1058007473
2781550064
2777428620
2808267636
878324979
90718639
1813391820
2720650235
13424422
2503202768
2131097795
959220866
2760188954
1974760037
2841252660
1367039013
2804892242
1192403128
1232703482
1348946041
3078444268
61385734
2706422271
194783673
1138731090
1586525047
799421485
672941521
2718581397
1530895479
685975491
2621347254
2030899942
2732235646
3015122958
2719921055
3113149458
631558714
915343013
1655658481
1366410217
855010896
1727150896
32564099
2616152475
3125237140
2356691439
56871765
940436548
10767481
2030997371
1754334892
1671391260
1864111330
789287626
1981979967
1437377068
1947420966
1095464150
1515343988
1192369920
1180917543
2558810661
2061558925
996559927
3025178234
2536469530
1382836059
1838556744
550201352
2737799299
2523752134
1373195165
1721060869
1598398560
2604230911
1753357627
389075839
1329558733
218268639
2607539591
2932472096
2974862349
1187437876
3015241315
2737976221
2173621197
693459421
2636687264
456570274
267450952
1552351295
2020739477
2250729057
2868129430
533016453
2031538971
2966140853
198432960
1677076450
2087880591
222713463
2743196240
2988131360
266278640
1338837326
1611177773
2380560003
2277384992
2558954718
2699694652
1484072429
889958740
476738172
2529512756
654377447
692268211
455870083
1992848664
2900145207
2610842727
1633097120
573392287
70494529
2872547808
518265591
1082872298
1254747446
1740242100
1585930806
2007285538
1155094863
2756599750
2759449979
353127751
3924584
575793050
2860876008
161315429
2799818214
311598956
2276471913
1107076780
3101592140
1844872899
424588805
2061819899
2092283136
439457249
2704973313
2539954678
1504363162
1406441401
1715139016
174844561
3089067980
595221284
826689928
2444198105
1995569188
2897277051
1488917320
423122778
2494543681
539834679
956491087
2800159316
2016681940
2676865589
1390304831
846497694
462257074
1883104324
924136041
2393203196
214638759
594088309
620941821
1909901390
2561298611
414573748
2531945657
543200534
1359053702
931667814
1426738433
1122778658
468369156
1096735450
154151740
423551915
22262645
1649475940
1083489710
923746558
2517328674
2871724017
3100360028
2403086791
388858384
328214961
725735627
1159109067
2080655759
156822312
295537506
1324411059
1723831865
2973937659
2070455778
1482949759
2889004529
2557222893
2109419219
2548613001
2813874184
132595432
2125385986
1012222026
1567973447
2070548701
466430890
382226082
1489991549
1160673799
2247917380
1925581846
2188358547
1321492457
1709031213
481696408
2136358277
648293505
1627300052
2072395712
2577164964
513098778
1611533397
1001612760
2515702717
1940323324
1387883113
424212051
3017509817
1057029320
3020232608
729622456
2795150492
1574755208
803534092
774916148
2970814713
3040003313
2319109803
2804385099
1191687972
2583728532
1244267588
3064680620
1751235350
948772238
2447692159
572074022
2096519820
3091208693
1994938651
1843907181
2701758474
1251706462
25413275
1162824648
422354823
1238963458
435132884
2405339773
980493640
363541316
2079942665
2103475173
694209683
2561914928
1214950303
1259974895
1327380091
2443294033
942122023
32886118
1277397871
863202038
1996945455
2515333422
2432773156
664983848
1685500979
2723429712
36531334
1713411943
3090493263
664948403
1145352764
1409716526
2409896732
2179351618
2868833566
3017032356
2031952042
1498071258
1387078987
1948345645
2971158730
2397471994
102922551
2778492313
760884283
2931033376
245468371
115713505
875376246
2416534564
1463540171
592292772
998686385
576357909
1951641832
75058123
133930672
2687263459
3089725347
1774326296
1221935731
2308418004
3057054101
1733385455
1231685563
138627348
1577647522
2051177124
2503255602
931120919
787840359
1634117798
206027540
634301104
686210519
2025441565
2676167523
1937286550
2239220366
643497605
1491050029
890692544
1172299380
276979501
302628435
1810644003
624944915
2303431209
2299538528
2617763001
1493540440
905767095
256966090
2513038248
2982596397
748228306
2407280953
951502718
1564955916
817945040
365637843
1084472635
2701466113
832832490
1262807264
1347201437
1746179717
3063275670
2317884494
160071288
422705539
1759623750
693811484
1381011539
469885475
2765178124
1196964925
2797740020
199970646
1111794747
2484218808
2720234628
870221176
733156519
1198631263
1268642604
181119210
847893048
183967526
168306308
2186033341
357945233
2482035833
1059955384
2091453292
2778647299
2472288309
1640190051
458689368
2428117135
1570343720
2642374067
1844089475
99577398
124607067
1906010516
2163879669
354681218
1113893786
1104987935
1762668617
1016284819
1302295085
2388543728
1223987598
2965538955
2656269034
662517721
1288124851
1353845059
462196436
1419812589
2041991680
2581647066
1071263222
2279926728
548151506
1324360068
988202156
901805895
542137537
2945493503
2364051065
2192047434
458767917
1018962969
2192620371
889361757
32933614
1600959295
2393046259
247319276
565617014
1427883743
1314477237
847486148
248400019
747796025
1913847667
2123485994
1718618599
1077359068
579130012
1800376620
1777497160
2589593821
1370965124
2727360248
1035023461
1715261157
941150153
2992056209
619484235
2593901443
877598017
2003902504
2756876094
20015545
2541897594
2484492796
455716015
1453027922
1201575703
1560577669
2492253750
1765184232
1176158976
937687239
2333141597
1932416203
1378769370
1625932506
392769508
2435826119
715209297
2812435202
976429823
1109776994
1746603372
2349565714
644701640
2878991054
1815106388
2707104071
1833038361
2488608753
2702326694
2614492496
1884414673
1869903670
1466837717
2917518264
1937129159
2615494258
2916434223
953845546
2576882276
2638569309
54919055
1329307745
255587377
1039842016
208371368
2273551924
1794504102
2929176330
975880674
2538344267
2244118840
1011244681
3125687676
1401403215
1082824137
683441963
709463083
635418123
766464131
3132015482
400966296
3012468260
2345975541
1079928915
1358395394
1831085467
884934719
922978582
2507644493
757253882
383388505
2146496094
2336816416
3062178637
1109650880
2205513261
624340439
2223759524
382476073
1552727234
379923521
346573214
517705315
1788501104
2529951570
2200129463
582773824
123981661
2486777004
1576927124
2887036366
2267871293
3045944468
1214979630
1260048564
163458267
2442670803
562478817
2472742615
2107746212
2450815714
1616734460
2400935939
487079895
1262511747
2540950619
279598572
2889076945
1776700034
661968201
908687059
1139147700
2844049191
362125934
321105357
750791822
1021718158
2461728142
186306766
53373784
2308413870
1418303472
2343496050
1275663018
3029872165
1348999868
725351613
2025890762
2232936043
452599035
2129639186
1742288706
2343705727
808173275
1781746152
2795044599
136011548
1166231487
1856254488
2939579771
2720721148
333501729
375810497
153905064
372941138
2174844554
2860306940
312733578
852431660
2321076689
2536549010
1344942196
2825879270
870084994
878032412
2368981359
288376685
2596608884
1677810876
822367835
238781319
522249142
2457687655
3099750788
2649820310
2195890212
61918290
2300097633
2763811055
2891826272
1324673111
2619521473
64165443
1540428912
866310715
2427169072
1330907704
1890843725
3009763
83860207
2267721839
2288247543
758842916
173635107
108417203
240252698
350566783
2947995492
788018951
2877388839
923819395
2972369839
1513224216
2251852731
380786125
2314483584
896341222
2518419743
2063238774
2258480790
2137760143
2897485888
58570159
2862536662
2108853888
820888886
1910581258
1546964404
2818419258
507726619
574965793
2619815184
2950471601
2970880116
2348765140
2151732889
3108491000
2922484574
512185450
2179440312
2979872586
2116221966
54294765
1017564410
89810112
2266232091
1419524349
853869222
75240714
1053683111
734476904
2723536430
1816775669
1949141071
2440013558
2142975265
324631418
2164894106
2778471264
3069900180
3041025384
1795842991
2697350179
878481722
682944529
537234074
3030043667
2971663752
659747471
2658112415
2682477551
2899261311
3057049243
2178983382
766832571
2536096289
1985906187
1818246617
1696211245
777883551
225885716
778385579
2429978934
3092145710
356153007
2672085131
2546922891
2857838240
3005513185
1978511420
1052989369
2373746268
3062245368
194496388
1955466933
1431494532
482723563
296592069
2515984769
1685018758
2759875012
2747284029
585148525
2412628566
72265941
3105959460
2082580790
1328711536
646507811
2946198466
2871011379
1006779173
2924599796
3023320702
1900344704
2131253913
3111199330
2451069877
42524478
1082831399
1442546755
193372291
824956241
1510102523
2018829708
1790438404
1419716232
1540426076
2988777724
107123268
2039475407
1118420475
1478868224
871434985
562610071
2947168963
2816153829
2464160555
2007378684
2803073334
2077436973
1742339944
1880162605
1588637178
2730863196
2184827476
231170450
2567765065
1957957873
1780772750
2503884374
542611680
664162613
2963756757
2877795658
14439175
848290829
1095981559
2664790717
1133489909
2720388785
301760640
248153383
792816836
2940490876
2502855797
1282271593
2969011568
1169696354
460686843
1057139784
3074792103
1950774593
1658476903
2498198482
1157032725
2960514452
1415022003
138452651
732881606
751618896
1327270669
2664497297
2527926824
226343657
1155482817
2781494692
596012126
2885463070
2376332147
2781224763
1933758872
2284725228
1670818976
813960610
2137890975
1987292580
2486304223
2828991382
1898802485
1778531677
239622869
1462541498
2935402737
3103617412
45976165
2247502451
2706082737
1676029549
2921377451
3019980148
31249560
1288350997
1155994897
134007566
2051438592
514826066
681617779
2359467564
2078544447
385951295
1118090379
756657707
1794513739
1770281025
2098070312
944375079
2151796374
706406715
1685585182
2689217737
2393166908
7352917
2731037026
1921161170
2645374768
1513987272
592652465
1624134761
233475947
1742617555
473060426
1246338004
972010078
185860051
1840811127
662781280
548629492
415271057
2974936961
2166870073
2735474047
530548957
101620006
1605117169
1391941471
2692628656
1986498409
2491971176
1353182651
1416247474
646043375
1699367413
1457173140
790391441
1689099389
2562789293
2847108379
2697845145
3071945581
1502291802
2446797375
412273131
340702251
2625463076
1339441627
550346333
1894471997
2133080227
2628881943
452609995
338334441
2570497787
181773606
656406025
1857176589
654006219
1835437156
2532116347
2694990399
1521575060
599079785
2064988661
1664963567
1841091570
3087707858
2953866586
808720981
218990487
999999806
2072494053
1441170515
1379107633
3130465132
633812926
3017429628
294029861
916495644
1775283320
2184450170
213117685
3094290232
1157683751
1825980296
784911910
3062064650
757116480
2069793403
2453444207
894828443
681217158
531477401
2420351103
1519611710
2737546123
1900576151
617480504
293330604
1368219627
1465342831
905984569
2125697169
1635057419
2833098353
145071112
1870388580
1495335649
582599551
1048162099
2681606956
2878800633
1269958147
1457044342
986948578
1883104574
1664424863
1908049403
515277629
2610568567
459085359
2177440592
439421375
1818955629
564353108
2988421585
1366381557
221377278
1233673447
1441104053
1063361544
1824554680
2833780343
1831775109
1174267258
1208726713
2561321964
676902401
1435117626
565214340
2219402006
2546812245
369417907
2818547803
2851903878
1832611361
2947843224
994581820
663007792
2834627893
2007477299
2057107129
356967940
1528872645
1039498179
1539153892
323315639
2678953883
1358512887
2874730137
1484387146
3048112163
376711299
909185916
2208324467
640364069
2955003021
2491304221
2775916212
135017463
123956717
316049153
1117675914
300139844
1836099772
2499068868
2786202164
3111291668
3051024654
2739028161
3094136001
1222713991
2694762273
750081748
766597633
2244881312
1213889465
3002825779
638952409
1408430260
2876465040
1165137204
277859312
3130686967
791709077
1049444550
3013203381
3067653021
1098493187
2383133831
268354493
831896267
3052479381
1104919703
494278897
2507737060
1067872418
1548203019
855024602
1554469145
366487685
2590675467
1956704771
1051190310
1768376100
1709575824
1711795181
3049309367
2798599152
832929461
178020075
2491385941
1182182321
2336278215
2795315526
2207011432
3128085363
1341556960
639894055
2655734598
2100760358
2059966824
2809451818
2387794588
1905089373
1753838708
441542074
1458219183
943440420
375362399
1612932979
3130835707
504424547
333050886
2978975835
206289926
2885936414
1307825380
1346134935
1859736790
2795517577
2806821628
96673073
788137406
531116704
899464284
1236168685
10359311
80386778
349677588
281278296
2103203032
1654136969
256307064
603451695
1295334304
587305455
1443199239
584289620
2706533429
822106138
94234804
1107398104
1540465363
147870397
1743593671
2488617659
317924038
2425741735
1536299879
1317557989
3034890059
2598367990
966329568
116068859
3055051023
465114099
2598950938
2104643785
510637700
2495059040
1559254561
1172693627
2525882751
584533121
1030257402
469972014
2032048140
1338125520
2393628980
2743087358
1509853119
1738986424
1637714250
1600215309
2615365692
130862274
2382338784
456064418
1020509960
2543570232
2336384172
618106019
1504271780
1669983031
2245721589
2205090486
325792478
1596468699
133835987
524760189
2802577375
517541197
217520045
2685141847
258901080
1049266132
1449798079
159760602
2999063774
33606060
1702028510
1584245525
1928992996
532557158
2211581874
2403581240
1291262305
2958794438
194307407
196925889
852766401
1356511165
333283015
178480714
1077951276
2688404575
2057728100
2804820983
11622000
2775852338
1620095913
1327614863
1198779602
2182693265
862163658
129074629
2995904193
657790549
2552194053
2343719194
913074425
330610625
2475132603
1510030120
2767933885
1688883424
2772238851
1293192213
710924942
2653671622
2780136925
1838394475
122931098
3067841360
25625633
1847798255
2937114505
2581355871
2608351217
2604409477
571592915
2863935776
1258597260
2048652010
38373482
2912751411
2685572605
529156729
2439679509
507354363
716615027
1002545098
1247261704
2533330102
1230101613
1973979670
3049056258
1046103742
1248237932
2354250911
1838651574
360547796
174736125
542758410
2422584725
934487145
2595415216
1921149419
3037827636
2839632662
1815080032
7380165
2941686514
1932181631
947300019
2766035269
2267094553
1661152097
1641168398
669244793
565510161
2638640766
2846992728
125748821
1766786476
1220308163
130986960
2165170259
2564371738
2686579405
1019835353
1347005653
1276357629
1791437255
217539915
2910612882
175942771
2768515009
2338929761
472387046
345629439
3036387169
198164879
2701679939
654522257
1398160690
2038964747
1474640898
1653088067
1714602950
2367539017
2716847421
13715257
1151773148
2766160273
703545707
2130860227
2497999492
2673548755
606207106
1509104666
2354895108
2963508752
2224392223
1626982881
691958203
409314397
1442856111
3071286740
2206259708
2472846862
3049494746
116752093
1236529420
1352549723
1786492602
1737902001
2326988126
2754436866
2048090690
2594036084
1434017945
1063209944
2970445002
614401476
2484172865
1496533067
403439391
2337657042
1744944283
3043438740
3092988875
2945071382
1951085001
465691343
2989336386
1251979147
2345585760
2232390575
53547257
291175380
79934494
2434793633
1450083712
1358073365
1275051214
371038720
1477203172
814524979
216720272
2405077811
2698787160
628237293
2545313572
1221154481
1437220815
1885194268
2803341916
1396658046
1563666933
994195965
530869043
1894185238
1269959671
1018341611
2211840603
2123229015
675292556
2974103805
2011890113
1785782583
147277935
2825029827
2222695351
1112689781
728170697
3093527336
1798873179
608811608
1853547438
1859076987
209313945
2692193888
1529788744
1690331803
2738204117
1561170790
2935634702
1425977515
116469960
37364807
818235748
946746115
2644490200
1886278960
1990111762
2593016104
2012784376
711783377
468041823
2668174449
1437669679
62381892
1100193203
1988524917
167186709
556860042
1937108800
421449589
1266843821
716555551
2367262638
1369932813
2208043589
619498103
610879454
2782473583
1320376073
2189350361
3102367527
1251582132
1643750309
1370437389
2885845698
1162377254
1690967052
60933717
1868777901
2319557994
433822804
1343338102
1188899929
2042010964
1605151945
309390223
2152479908
2112955675
204737742
444387710
1790999804
410332075
357250098
2677254142
1529098550
668180517
1847434164
396511615
99139864
1468023993
286007563
2611023954
321877702
989423905
2257489801
2040528212
2437999437
3050905554
624255872
732748719
2268214609
3078280591
473317531
2277346296
2484490247
2781880531
2104010843
1205193909
1157621066
395776340
2383712571
41642949
1005551481
2632017528
731461175
2362964581
2467054368
529499431
1049255164
1536805999
2520100167
2965185059
1212592662
3132654263
1312736247
16229513
2517277768
953335520
3056648147
1404792625
193177140
1365609006
1724200066
1450468316
1785238430
1631690433
1130412067
3110758801
598188935
1068853083
1942996982
2312094612
185167317
2207665361
79938369
2480260751
2036607348
2596431656
3031403835
273295018
1135053760
1334612000
286605747
652699335
840931355
1063043136
2211557161
2695666800
3001561870
2876291793
2678045423
1879495997
2039852556
1915368606
409709764
1166016054
2378955967
809575563
1768043186
1494434453
63028295
1679466498
1909152384
1466793844
2022289301
2530876860
3052515109
2012282866
863857972
2349187454
980249121
1665282144
1475527153
2896375375
1583142831
301888239
2402025633
1721664080
316503449
380743746
2370509780
1914720077
664264805
2191883080
32718921
927750914
1952388964
502983654
962090110
2920280912
3121224911
2039034455
264456385
698538002
607753050
1280243033
2131027149
28526105
899061991
894451908
467204893
2306739522
2710605523
1124434344
1332381693
896365797
1715945209
1548466432
1758646401
484134121
723490463
1620914419
633989584
955776870
3106098959
2317550782
1344445609
1026982529
1676692122
711303131
2662903192
773807776
1123770860
2157739850
244470668
1223380317
1411099728
2630754105
2656286110
1972840886
2052869798
1968246541
1146329448
1285482549
1653121473
2821360024
392447530
1722105770
2703744730
1260826067
2391646946
2104290369
783631068
2163426447
1061190092
2191661720
1913210809
3130509841
2881641050
1418567417
957990048
256000231
2694349495
246754241
2883846229
496650994
502374784
2195058319
733946731
3110075698
2525687110
1455660720
2168570018
2198076515
1107724185
1287085852
1833996281
1559944592
1014875492
2554346588
1298199511
2808501356
1623857227
2109791104
2386592768
362799781
511769513
706129032
1313554477
2769680427
240018509
1155873079
1914462894
204651311
1722402006
1756146619
2210308856
1461156647
1993007313
2639563596
2750757578
2014078804
1425258580
1905267639
904830758
2986129334
981863054
2436570182
2791668502
1295901619
266331268
2529340023
1261975800
512120193
1474625055
1654366411
2857407371
2820685287
2782199647
1867304191
229112
3081080636
1793581528
980112594
720937605
198801842
1678306597
245476525
799340215
681799555
1980475311
441281556
2517984102
344749961
2253472860
869324653
838493692
219057810
995117360
1003550125
1447768998
596289363
2977092419
513641830
1382358890
1553189811
2434454298
2328038892
2793255109
103457923
1617277795
807551990
525366582
2298418405
2517948911
3051597197
884159266
1894646954
743289738
1696007320
553575831
2471719365
2811710137
114834223
814579162
540526421
1086550553
1136750221
904778338
2591879338
2120291137
2992906942
1953016255
506036030
2087005561
1276673282
1754770848
887916219
1689498128
1096753579
2629790898
815572809
1445404736
1982460623
2619826470
1779081915
141203508
1898958999
1681648755
493084520
1966463679
658825796
1580370520
1589722660
1462941410
1808589362
726835485
3038318918
1532440330
2894360317
2599735986
1712326650
348610310
2345635388
3035146448
698805175
1304620390
1844912809
2128081124
1791664069
407061514
2887003168
2511656265
168578443
216658732
226116285
495964833
2145821290
1452937045
285654510
2935165172
1113812903
1111034703
2635323035
2197927698
3073044255
1775621545
2305341529
355482725
1896124103
2244261845
64755215
1982530767
1821648675
2579027130
1715657885
378316640
348064657
1439816322
844490942
704192306
2200396913
2525226799
1384035980
1164637531
287696131
1883445600
248347644
1226618216
443445372
1793107518
1661968343
2157949717
719655391
1330721364
624751030
2033080968
1950929702
1073869015
165975115
1736155112
939047800
1723966228
2910293739
2800685529
231366706
1717516873
2265398532
1955009470
982313855
2376104944
1179303562
3013044789
1827491809
1829083499
124511300
1146127748
1602301325
2911480792
933379214
2500943137
639832416
559184376
2426365176
2450030883
412670856
2719612359
816190636
1990969769
2280938316
2197310662
700785474
251340561
2688217080
1004420380
1438810382
1216403477
1172190918
664464217
657653226
3127939201
2734214460
1715164244
2397870496
2498454066
1629188094
1137519133
964715598
1939375288
1896320686
2301654876
299657923
2062622520
1484436883
173515724
2213494112
721172380
1071341398
2373977729
1610571638
872474817
2091518620
336302982
2989074601
67165814
2198147603
2748269031
1274533082
2603896008
360444430
2224498222
112971868
1994663300
2532479999
1990327697
2303984266
1182748736
1638067432
1410439193
2730472719
174542217
462974338
609873055
18231842
1954231320
1273760797
1019680539
49637504
1647273023
1843405966
940381317
2361732411
916175454
168664707
98774954
1950748072
459980251
309376077
1309090086
2068013980
567051297
845759530
2153995366
2224857720
128895198
2154724383
1487643620
68829616
2385370405
2282487142
1229703071
2621134228
137459542
670800505
858481692
354917873
2987018846
1112510833
951304577
1397980505
1257208371
2242784047
2883487048
1062452918
476116386
1688973578
2640460227
178090661
2558643598
1646763139
1170932232
974652802
1903330089
2028161833
439090487
118134439
2240795034
2591593746
1958226565
2240632696
2264660195
2775108936
874687916
1788991144
1571935347
1013554538
2364028544
2887910302
1815721979
165169840
1909374791
2316147351
2167347802
65098377
1186184663
2079817130
1392578512
85892027
107650156
162057524
1279347291
1302978281
1786387831
300267492
1985009955
2424412147
45027417
2353926733
1937325829
3123599763
722036585
2534438453
3108052339
1681666013
2236849085
2466657522
3098479685
699510277
2536673570
1362729116
1942058401
3116676737
569206866
2400355361
3118103077
830215893
892000017
2539439448
1379796618
1988183197
3094817015
2766380977
239843893
2631125905
1091205171
1390666708
2911269140
2232702134
878564418
2766997211
2626720343
2318639500
737717892
619874232
721184876
1564835288
490369675
2302082796
1206866619
2574870060
1077600549
2484573528
2439480201
2179739495
280113498
181905674
546649495
2355346301
703351657
704498576
1021641776
1727748839
2247552833
1222797276
61716927
2250438585
208866770
2112029751
231588287
1927769619
1559541942
2710637570
482598418
420258031
540937164
747891761
2650395468
2725152570
2095988843
691243521
2637137813
1497949855
281943475
1621804138
3041354383
1551519433
640283011
2453367086
2415563376
306734282
1804732133
2891439708
1653218014
1760919129
2475307644
1677912113
2813349142
2952339211
2003697831
1494076282
100107694
1008291450
1625024121
1138204584
955924062
2447008810
2176442150
301254955
1932653919
2225471690
2641732525
1058128584
358068433
1013968670
874329160
659922869
2049673911
1241317570
1734941827
799651215
770603539
1883403478
2858473346
928162910
788998776
3044567309
1914153042
1228067753
235071703
3076938000
1756966264
542860288
2209368017
2728112
2181354543
1702242775
1279320040
1749224788
3009519746
1204187169
603167076
2947371498
1102704030
2757763483
1253235423
2431021550
2344008696
3116003330
199186189
1773766641
1143194732
2075100430
1028777951
1423067014
1330225648
1143778836
5976137
193467828
1389194200
1090795044
701059467
2758394421
361708886
1810213947
1782001103
1678067526
1980534804
2944196432
942953523
1912743760
324826098
2357147817
721350739
1452503648
2351653644
455210108
2270939911
104829764
1815224942
1879216615
1600000418
1284659082
393833074
171290790
1899731981
1640813629
438623633
817259665
635688591
12393631
158501310
770360450
2038333903
2671674190
103649362
2388220736
2571783040
1451004817
2236322401
1941066291
890894793
422275253
1125948796
1967093600
2142956010
218590984
1536858527
3057585796
636232266
1806332075
343094926
2286297856
2872697866
1718904820
2792445928
384236548
1247905538
2734870365
1415937666
2755055940
2654327281
688223832
1310589254
1918229631
763938824
756217123
1414426448
2977342055
2707678538
2680152644
2284084608
1922125032
673738314
1838381064
1186752184
994400132
2778588308
1899263073
532246010
1829139119
38673109
428641172
1833506093
2774653288
2131434832
2314440194
2562215285
1745416255
3047421595
2448380332
3056650274
1133469346
2739718759
754542279
984398803
1642258936
1366723349
2967026386
2390856553
610389293
2591133333
711124224
954523888
2423443842
2128043942
186547064
1982236079
1471109771
2112870971
2054177760
2229842303
1491430743
2336696924
1254706970
2005768209
3048155019
8002061
2772663706
2403693187
1433971063
1956651341
2029061058
2097388070
2377087373
2222751708
404272518
184189765
990951738
1544604009
3060456107
955086066
2470495699
1699037320
1905547787
2837547362
2618491458
2284046275
627102186
2463794784
2843039480
3087651275
2086064578
1221038568
811508859
589715901
856830602
1546789899
2903302565
149694034
2659243906
16422760
654611364
2760194136
2897669629
1925409229
2500264665
2851716355
265857537
320682263
1565958470
2889318478
152482378
2883264213
975061130
2340028191
831261533
2145967574
2378967977
2228525273
2165681258
2351986736
2175764523
866916695
1591834351
3069370716
614436656
1496127357
203742214
1591383686
1590987883
1415773340
392274019
1661278636
989753456
1334844050
2967248915
3050163301
1459829687
2778301185
1820584939
1658727570
1892501875
959965083
255212399
1305847973
1215622449
1732817192
1931849448
2999153858
1358658107
1884611807
2782207194
2177806073
1303416516
124718941
358090304
545634281
1288700200
332562863
203865989
2304310298
1780679073
1972286686
1773021573
7382564
430672645
2934615321
1989874095
2187203030
1885064081
2852438401
1075562432
744980793
341406031
2807575641
1900907265
1896333663
1380850979
605317953
1250487255
1179608580
1050834739
701870784
1120883611
424114677
2237443730
3127032467
536183643
2062524505
145836159
1022310794
3006610352
1223388832
1790365506
959126153
1350728824
1059447725
1713411119
1368007932
949979529
24200035
1918138173
377033005
1664748738
1596337565
1288170586
2271905524
3074063264
2696415666
577746347
1422006230
2967657108
581414207
1035067025
1272655369
2251003011
1163639563
1568919063
1557070818
1236183379
2286905328
520408385
1426963449
1165563329
1672247601
2681521198
3101187387
1414334604
1580534818
412321538
531758186
893106245
147218147
3069195619
1343102402
2790479744
380780850
620169522
1793906878
667876263
49723061
477811871
1706850453
1382506013
1925565488
2444345390
186708415
1979127829
573899514
1120418804
1277454599
1347475744
588050333
2162452122
39820128
468201150
3124387557
2699968545
235625311
3039800610
2935247931
2459800854
1139442352
1211266280
750767855
234755819
2466252439
1842990297
2891635580
2725928364
2470336763
2951894588
2946257074
3022380168
2470605894
27518431
2811539710
815732436
3003009480
328080866
2730029313
2224300967
170824504
2516391898
2771027086
778642413
1881872658
2527231499
2106848271
2365115356
2996733673
2419196323
233667684
760201555
581334397
2314947760
1586106514
2112171908
2216495468
802744185
862743872
136411592
2294056048
1117272245
45388607
617496491
1599559757
1290069145
423425813
1630743087
1234199091
2756264545
2512710840
2923502012
1339746101
3058557039
519402274
1449430853
2370315447
2631058484
2695902173
1759795180
1483226149
2746881742
310033383
1926175474
893370020
705858151
386601208
102301174
1694727007
2968430845
1668612054
918915254
1506571092
2287677985
381952647
2006173960
245568302
673184481
3103783704
1594651093
2574150333
1547802749
1349930515
3116158711
2066686757
3052118119
1290450299
180399954
2452782174
1287531242
2857297412
2217060981
1456013871
1376237630
427666311
1543904178
2636534086
438474812
2504171487
2482812997
2262286721
31047125
2635849010
2036258424
537475266
649092395
2687728504
1751621275
31585069
1041691280
660010078
43212368
1948087111
731911486
1540427894
1125200142
1796966537
1673220061
1698347039
44553883
938158280
856482446
2443164416
1232014709
799738213
2905280445
278943180
1880597416
1879600907
2903373055
1583298501
1872588170
175102815
2957270438
1510843692
803470
117239004
1748103194
2690943706
1474793984
1617483041
899602750
1557678510
2591456734
915714888
2434834813
345014542
1700024145
2787216480
372738063
706613139
775878025
2336947319
2436675971
112472216
972529443
916126184
808644463
2679472309
1951525583
2602462827
2968795322
1004681343
3078947886
194332282
3077692708
2269808987
2689897585
2800902115
991778176
1455361305
1245837032
156353099
3017150597
523085459
534676116
1114771651
2953937963
883311623
2802321994
1425408658
2147613341
869166978
2247061615
262429516
113051660
1134465194
1481302270
334411380
237890394
1321104514
1145215032
156761826
2668512817
742587439
1286899104
1617821668
1139053226
237057614
1486622851
617030722
2691778247
78026382
1270787741
1355717729
2916150192
2305475504
456065574
1557436015
935724576
1872718526
265400415
509355767
76156851
2035530980
1116188671
2292633924
587828592
2091700882
2443828826
644450413
797580464
1871748845
528075113
442975190
200169880
119206856
2871734312
2439250634
2171558615
1943669835
1694718169
2968338084
1693472325
460234941
1266489153
962457376
475093073
3113478578
2503916698
1421156706
2384911480
2897980374
409959799
734728764
182571240
2068826076
2003034685
3070750484
1232265665
1297729330
1294374795
173294242
2078500347
696957447
578815094
1419816266
1947836426
2231443391
2694436783
50996444
2246460762
2201547892
2435304653
1520648248
315437562
1663763957
2886840625
1462702644
2461986299
197663820
321431640
2839443795
3097897266
1469187832
2996744532
1494635093
507827557
2993735697
928144869
1233370562
1824661015
536898627
2222075283
1347982037
1293477672
3037849829
584092507
1012262915
531305249
1865612269
2918017799
69643734
2613127426
2055257563
999416889
1944478973
2161007523
1131412619
1947757001
229710556
2559977410
2296239739
344136474
346926529
614095558
99638676
2457172824
860652049
467149093
113355296
1849254114
2822101019
2755063924
3114869334
2911768822
2875920210
2813278550
467082990
577966123
2738372840
1945692501
2163733001
930031954
1316550329
1665550629
238911341
1422233734
1751799877
3063846536
187156000
710770776
2423457125
1096996951
263867814
575048871
2492249977
272905223
2864649186
1363928558
104533495
582543192
2307563385
2739336488
1389864768
2669849009
2533417282
2124116625
2982133598
228546499
1442207308
3017427417
2018377099
1327755623
2716700220
726018704
296758215
2717101214
2477110142
437578546
1355406614
215348283
1557925460
2089881293
666885411
2470233586
1865877269
2725312120
498495309
740517196
313284242
855495730
985670490
833273908
788795740
2614069131
550848554
1072987998
795563480
2914175033
1620916673
93183543
936160472
2526992769
2186068731
2879538313
2731048251
1740260798
2827227912
2095425368
1869724060
1045571602
840088250
1594115031
818273179
2356792070
3070463074
824872307
646249413
66683440
2182439912
354373592
2775508647
2611302353
254883045
715344728
2861941053
2139703758
1949110711
1339473490
1017834960
2846024890
247568577
450083689
3083518426
2385706857
2261889168
1422851860
120193990
1923240512
52574654
840458054
35360787
2609549041
2634333712
925032881
2797339620
2731278994
1716433856
641781772
689784777
35653768
561726297
2915246962
2358927706
95436634
2941246799
2549477797
3128602041
1188846072
1641379642
1849373689
1929175926
2266555759
2332623244
1894106661
171683953
1301423479
307796123
631121392
2168322712
172326011
2380001094
193599769
213426528
2655886625
684379833
414521942
2192342057
864506273
2349778870
1095046211
280605805
1686025708
455500282
1608122701
2508796473
2377175324
619738365
458779594
3120948661
605976164
1302287270
2576530358
1259304680
2057841209
2139021143
2522054339
861292384
2880601539
2709000207
1368027083
682167794
3012654110
341699710
2965666480
1880672561
3128702838
2797074724
884568125
1095839132
2488660524
1421849549
2895425798
264027992
1168672640
2914235242
3021842386
84088789
1443971907
2260979094
430331545
2995086727
1796885208
654086239
2654076377
1062196960
1133523898
2131325827
1869513147
584417611
610148055
131213050
1350996734
757488320
2121839995
2427964763
2266953096
1192363235
1522252521
612856273
224276676
2311556672
2205129244
1359998984
2890578392
638617115
975678733
1531622666
2295218924
2928449517
1427043889
2591257242
277892015
2476285366
2097720847
692561547
2648116067
1343086608
2244588681
897723677
1790557638
1464924114
3108094014
757583486
3024578668
1897858090
1617043735
2055932543
2064314371
2858035068
2903046662
839916835
1552648057
1312534568
2771027420
1768770168
718817246
1125253112
1260959231
1577062308
2146713348
382066566
751027372
2791087658
1103547266
777102774
1210500843
1732606397
1250709528
70235201
1246262752
1479367661
20463507
707369497
17675514
1903149094
927667150
565738582
2933699229
2894423254
169171906
95810565
258007727
1831473016
1444216528
2782830984
2266404916
2992697571
419238417
2836667190
1612266648
2927964206
782516159
678605146
2711046789
2568220857
2691801673
476005573
867758256
2197354968
2749274325
761229254
598121963
883789057
1129499357
1680085609
1718592914
972520331
1231206845
721048892
2398152465
84308960
350890855
274224319
2893913264
1158066489
1036502710
345387750
955491859
227089865
3118984262
123874102
1812950616
2674910468
122270848
1850203145
327059745
620842748
608113092
841514366
2936482437
2553675745
1041355072
1327975169
1053595287
1868369074
2275813876
912066025
724302503
626139816
1249656071
740566916
2643372793
360603039
3081174917
539991371
478077937
1648281387
1890514382
1195315261
2742526905
1998244110
902736327
2804429444
2206122566
1047488261
324431372
1492802528
258285653
217715200
172106232
3085961168
2047700376
2083693896
1361430227
2563872730
519548293
179284945
2312387329
2589380885
1575585068
444735777
2939255874
2566844305
902886741
1089720115
3107104423
2912650958
1075547490
2435394354
125214872
579716149
1486368960
288133922
388282550
2639753148
2948463468
657304508
2616705277
85288971
1499642512
159228553
1743943547
2938938746
410691239
1267331366
1554493727
1837723367
1766401411
2884908888
2512734794
509221351
2644348830
2057967982
2845857295
2286820428
265619864
2140338258
1416293586
1768785832
2967716860
2177651071
968655708
1096686887
1514627803
882893795
1143289983
1852934382
1384859671
819558236
348357348
50379191
2997255311
2468538239
1858634648
276017441
1918259524
1330309289
130051048
2786265758
1157962609
1684560453
1571957176
331824379
1880065213
667729550
2923509686
2254617076
294814127
2507862821
993041806
889113602
1157650686
1558990545
2145908620
2902178858
502674732
76725998
1494417982
592258150
2619401450
787547537
1795062065
3072530378
2938410903
3009213157
1737496114
2280099466
83943481
480485255
1593769177
1442828601
2693273546
1561229926
1401364693
578243911
1597746591
439206368
1476209308
905521850
111890552
1892236912
2529652959
2865316667
2568009362
1449457439
10047737
2769621074
2561315186
918761025
2491404155
2323753647
2303815334
2281558301
606017140
427313973
8005271
909705836
2356654216
762194039
623537964
118393748
1387251938
647918895
1535930631
2471275254
2587821789
3107692146
1814901757
2151736684
799220945
2137476511
420744570
833031050
1979774672
1248370093
2920327077
1973511559
1356509760
2921680301
2864269067
240564673
1694088634
504408048
3022593413
1830011965
1548604317
706436990
780605621
1901671481
2674729559
1656747033
1097951965
1045863824
2887860653
2397928188
499164286
2436095361
424163790
1566317957
3044383722
1880232856
837208138
537859025
2495222190
2971819838
1860507074
1255235285
1305284234
1904038827
766121161
397949414
562452804
2774634749
1062529245
235771518
1027734380
2467878116
2234355582
1246550804
746383522
11237635
3046107928
1626658561
17168573
918179425
922146102
1764706352
3771158
1151566323
2150776370
252101413
896765533
715585368
2384317948
3114171775
2854427880
48749810
120176249
642124555
930330867
1706904898
695066329
208448932
2129262812
1924756510
1665397792
3044948278
539740485
821552127
1291886664
1802009810
906431515
1823014310
459624118
511443740
1445184420
2110395323
559987956
160654075
1797166694
2765041091
3031873346
215195564
406873892
2384550042
624471765
3038153835
2108710925
2122192262
2033014971
941304466
799980500
1668114415
2118441668
2556457690
127148623
2194875057
2873076687
2080488277
2614689891
1526949619
2375671196
1460868243
952651885
1560670345
1821909772
2772376934
1685646757
1188757090
1021823696
2776696323
2471833792
138014113
1762810550
884435474
2613833755
2429312065
3068550408
1374889021
246617619
2354864497
1861621341
306655355
2508417410
1334216651
23406820
2383154555
1885813999
595316785
1195445907
2996659684
843672698
87800878
563560988
1243845028
2728595763
2230452997
1526188722
1450097860
366142542
1319368104
496941319
2796257782
2646367486
2356992634
1562856066
3131667775
230424922
379497809
829907273
1039328975
2843267393
774240347
1738065519
789196284
2391098426
2198731218
93240851
1312690304
2490172451
413873825
507508607
1240372462
1135945847
3057333348
2036040962
2719121385
444550328
1060747831
1083731023
1749185910
2037327275
3103563120
316935250
434763382
894585544
1698303486
2898261739
266702377
151590257
2421648909
2780987080
594207694
1588449406
2491653395
1806089130
1950570657
1452995061
1360791020
1170820396
686620904
23952553
2042714149
1301214538
2255299730
1392205383
656769373
1934808781
637017421
1053145601
318917421
947619926
1200404927
2724339784
1555730676
707904271
2628982455
1795870276
2688390542
147521570
1344850760
698398608
39707185
447708498
2533420081
2362744688
55861269
1267126786
2951634561
815449709
969667254
2372165278
1326694285
2242165194
715308884
559100936
27277933
1368789760
2756836914
2527280314
310035272
1222920014
1411753707
1983914535
311899178
2680594911
2349372240
138188961
2452413908
2308588643
1563651786
2258433162
339629567
2391258368
602457432
1512187087
2327843699
2937031635
69607102
2014998293
2131128527
597636776
2817178606
1179150003
692021170
2241191459
1095769652
1116406304
511710268
2772451639
1854746625
880076265
126811195
69115080
1580795640
2725922090
2463512712
499974846
1159815877
2290199147
958553539
2190763486
2868506555
879496181
2906100907
1036047727
2839725436
1940962004
461633569
1407166404
1221156156
411499898
1835631685
277372190
1834499880
217396203
2750013023
1728332994
2182051848
3014891700
821023238
342451561
1477325649
1722004112
2487871272
2699029280
2912356364
2665765540
897327510
2604736473
2269477679
1550169455
2675345285
50905855
1274900970
625824065
1341298475
510799327
72092476
288185787
1135745851
1134775199
2444579973
1911320863
818839137
1835955095
1173857216
2734236056
2267505666
454342636
2738946197
2417455709
2509953805
3120810869
219424472
2841884247
2670172402
1189861379
1048745993
3030733055
269086560
2878128763
1834845856
2282045823
767493494
933746510
2333979256
2215243773
1101830557
546844787
2969068133
443384176
10253517
2892225744
221116310
2748708031
2270186882
2351022911
42554600
1720347604
1578022849
2709711938
1519348053
61619820
3110586612
2095955200
2800236418
1304987404
255474333
2347480910
639885558
464965442
343512334
725144286
535298332
964787039
1091258981
2051389640
2365684703
488336103
2477152282
50804105
3058678192
703943784
2215771120
532601611
2437714565
1391724595
11038176
503485604
1139994592
1026246473
2381152037
1307054822
3086210112
1667863336
303246447
1873703479
2421799450
992783279
2945460931
2243102963
73790815
894556972
663531236
576235471
2277740352
1818108387
3061829900
2607796454
1784833762
1513556110
1046908214
3099500849
1619973042
167629316
1527601276
385702436
1745730191
1219790417
2516804975
1793831468
3001681418
1919998838
458169835
445765704
2419514162
2886314140
3054370466
942253882
2426236792
1893808179
2537857094
289719293
1441561591
134427054
2580265546
6021861
2548216142
619541101
1268866996
2925845363
2148152979
1839040570
2916185348
634541126
2318856672
2610544120
1894038695
1117180648
1651538466
853273821
345650088
1538147817
505999130
2495524750
2932562819
653649213
186672296
1370892980
1101577297
2747988734
14439371
331474197
757623980
175175521
1811058371
2676599130
2015644865
2036068121
1281847814
1833936095
1244725398
235739534
199614902
1747520051
24297808
2532740475
919719996
399781575
2064237707
1804224983
1892405172
1036398221
1344936745
1943316256
1257669492
1473987773
681016030
2523414668
3104477936
1565741986
1776756021
133297832
20986753
2294308817
3066484517
959222774
1337617046
798347221
2082786684
2465720267
138610690
1139488307
1726787875
1516312070
837185641
1569302862
1554147693
2515926915
1120254823
1512242220
1343823923
353652580
2210303798
2930216684
2252818143
2489917464
151559756
629956879
777071722
1357111199
2305331415
3072740971
2599794667
308392624
117712155
2205662806
1878209301
1305588610
2627794516
1058344777
625915151
2022418044
952278655
1938507508
2616123565
1184510321
1271947533
2128108023
2362891166
2810603449
2403369255
2802413892
67607593
1796313498
3108397290
1378864293
1449504208
1298624509
2916951053
2812146793
568392599
2052404343
1014622959
1159488880
885684719
2513498528
2479632362
2186622515
2227189599
936341100
1627455161
2542235065
2343762077
178316751
1147050225
1417126245
1036522676
1032128081
2050465392
1131300387
2770779245
486992731
2154312949
1858788515
2165417760
421056921
871331679
1847743270
1588920243
2876087741
3010508224
2643945624
1505741055
81472135
1746500384
2583702093
3006039191
327106398
2764117645
1851739336
2629133228
2438159564
2985961403
1076603214
3111424840
1753378935
2859348765
1053771754
189187282
2833373466
2415999653
656498782
1119522473
1916043169
2983553993
2858487251
2332389727
2615740680
1185046132
493347629
676412100
2875471675
2546540715
700771355
518398630
861607196
1485713885
1437218501
1008511661
1045040894
1835839931
2260422492
2277618135
1626684780
1427812483
2398313019
2750062243
2676796796
3121161662
2494803033
2939964754
1519863018
1194364581
1079013984
1463172144
283031471
1496792948
1281528011
18535887
1206048790
2340423016
3029983525
3113394556
587553877
2127367552
2645303064
398809413
167081750
292642065
1756684505
76196369
2739250803
1865366978
2014715183
1205764580
3119060260
1454223974
886542407
2265164987
2073776615
645169492
113557748
359376280
1008337179
290733368
119963222
1681677011
3099114216
2124841937
2199619602
355407087
1541732141
1100016784
1844908937
1703609356
245071229
307263357
404550261
2883281668
1425510097
508157654
1281696330
2822315265
1948237689
723656001
971751109
22137032
1693827060
641351550
1508549783
2551293746
2829338204
1904290343
2836177214
299207244
1875354867
1942837002
608465406
2441770531
1552305523
2966819067
411768261
1787265110
41110753
2739895356
2842883482
725839269
2480635712
81661757
2650759240
92094772
552162811
2656598912
2162965253
2471396207
1002645783
876523711
1541388707
2915776740
32221367
1624687119
1945612137
2115556398
563665667
886054539
1814383713
990837408
384958003
3106049033
2443269217
1235380922
1227851592
2658577804
104176923
537127672
1553616074
814019527
1404700684
2342282582
981000447
2787670353
2960579725
1864615332
2441305806
5745707
353555930
1659503544
229402786
2520578238
1614887629
1855668105
1698485686
1299235846
1437833786
2972295651
1234294696
267797395
3067030672
2223508924
1418931028
1172563581
1192678684
1594455813
2697500581
3116737117
1241301356
1992284431
1183682953
286572069
226606231
1673936512
380364919
209625509
2866457936
178200059
1749113736
2660645580
1767312509
2980865453
946450573
362558937
2023851633
2093449265
867563804
1076236285
2603595490
2701411264
821308781
2756111799
7030870
814143342
941167482
812554606
2254064329
472320603
2549237983
1021892311
2277131300
2593918880
1548903883
1495382686
2649377363
501896696
2890704499
1838122176
2986422853
894272600
741756242
1510104979
276379707
1708083933
1123417311
2719659240
693044505
341929196
2137857324
2283813303
1669768027
1683355011
1566248078
1422380817
689403836
1783760273
2353633597
2308269403
689850079
456445485
2222781894
916936633
866488967
1108680456
1608003742
1125924820
1606265564
32790753
694783606
3106303875
2340048720
233315281
2819450299
715009494
1881806606
1413842300
2873981894
491299922
73490554
26914363
2984375726
2235208924
804804927
2758902497
342543188
2468457914
2083031405
2951950639
2672529785
2622303772
393762625
1585578898
2938390462
2387630856
523212504
306252905
2823006156
784193537
1415822800
2943097473
2168853863
89430638
1204827825
1397463210
2203279213
3012050155
1801701011
660852633
2182788217
2725360918
1169153059
743557792
2324231192
3016537749
2830843473
2168409488
869949251
1304685048
2135473609
2962274990
2957016150
2220060247
2318991629
1086907824
1048860609
1567263390
2786984770
76885098
1313997752
596119344
1852349395
979088090
1227366204
10302154
2661099676
158234653
1167188733
950270836
704888633
2133401529
781458132
926315475
2423556216
1340492483
2527149811
1159104635
2107365095
2517204909
1448893425
1413237554
491085128
1307311954
2539431059
655784875
275754461
1164303877
1849216047
3125847198
2804118662
717955393
1160062717
1569742059
1600427349
1874815372
1049393304
1400505128
136952798
1234239895
1704396208
386153187
2512192081
972743934
1420066210
2329997903
2993335445
27601927
3079455253
241655865
2245303434
23760933
2862350123
33059277
1804518473
1591342332
2645032607
2313365033
2869916327
201478422
3131225136
840424341
2256826374
2207412537
2380001566
2421536212
2181852806
737239947
315897570
2223770147
1689231801
448261229
1036420605
949300002
2301677252
2475332430
2955857861
1420043228
202639321
2666607524
1438387013
3105674994
589316419
200051264
1830762687
1556019658
1145166127
3047912940
1967079096
589884262
2825914591
794793009
1859761637
1846425561
1049427688
2992738193
1146931503
2497605185
158664835
917847940
348313414
143143738
1505806370
2963701784
2704699693
2551465879
415091197
2516767914
853366925
2802102141
90773019
1920298778
1441124792
2678245516
976894341
5972412
1195414283
230733786
404624089
2744200106
1545500898
1706739254
2239770193
285293788
2518020410
1698432328
2723998144
1958487502
85833040
1108328713
3080583823
215553645
1271856540
1420640258
1614551191
2272027089
970985902
1908081589
1172465090
3082720814
2298161504
415671489
2754548067
1547567724
1666983568
2405745772
145638896
2809433860
2338169046
1579819305
1627549384
2349077280
861891707
810060024
620043558
1240134149
3080000519
1670826562
1271567565
2174363250
1986386328
3063454817
2132136363
1081447685
1639731392
1805105070
2753597144
1811385343
2212348404
1637656437
1762390323
651117694
1955277877
705307344
1365747870
1044046894
2265927177
2259693585
1389075960
164880371
16507616
1090050986
1933711664
366458219
1255139867
2337658011
177424882
1554751724
226052577
2437527932
198574978
579401512
1846229199
2794560774
1803285785
2479519837
755063590
2081292644
2426270783
1463556937
681689906
785606372
264748243
535621152
790727253
586563025
1822455101
2317512324
1937356325
1332396311
958247531
957587527
753457600
2705537677
122240060
2940926916
1107845150
2156649178
1157639949
2880141570
2336384900
1544588128
232326623
2561627496
474673936
869825964
86787960
1826856447
365306353
1139541758
2674886170
2169471961
1580023321
807234483
63827746
2490478810
1035016999
475031977
2696443226
154325941
1742541902
1504793169
993815478
681259886
790756614
1532722052
1361315250
2653484041
1700027127
567664241
1997448975
3007033298
938533204
684892941
1991708485
1966714373
1585264162
1823291570
2235569399
1936336556
1298897026
840380854
1168052253
2553305150
2987393799
2879701158
1633309545
2971116646
2816885295
1374957533
886367664
2951004627
2391756287
2247585445
3030216453
2804819878
1672582495
1316354959
2651930293
602641893
2136063588
2613259493
623514820
2793267969
3053284789
314346283
1327839336
938023545
2335864442
2641871308
1433403303
1751611126
599411944
3065782202
2668309145
552002953
10719668
986082454
3032351469
1676517376
2884033927
1551244647
2155009742
962296218
2276864324
117672033
1577116518
2462150606
2463694833
3048744764
2734704523
2241954195
2459031226
3125374164
2700004178
444903331
602828370
1286304147
741656624
2393757912
652223424
1931354970
1982785941
1417838282
789771853
137868065
1857337994
1812786715
140874017
914491780
1443181179
2533010646
1060125638
2305621148
946722042
395723185
2485936170
32835638
468181678
849585751
1422075559
2083151087
1853872574
2660272943
2375242297
1991916758
1221270189
1770872778
376973011
764653187
1700940614
1307392980
3041650331
800767811
656749644
519426910
545910353
1693262839
1503045660
3105691620
615161587
1108679759
1875067827
2939272870
513853865
2676569843
3015115375
628204977
1616061065
373071645
1820403940
1304230404
439192536
334148416
3085430916
828315877
71467526
1501662483
2834451328
1267416857
1014478245
2023281953
547329263
895247303
311025817
2489461870
3043261509
2333069162
689508909
2179076332
2002616046
2338816568
2804136321
418517233
1670978871
2744357165
2096822682
3081241313
768616027
1162582244
2799777548
1694380340
2291984780
2124328084
1408879106
1023722834
2748233913
864118386
2773087860
1967476864
457858909
1168131221
470206269
1787964373
476725205
2542595895
2780788387
1025023769
2036373917
1161367981
1341038116
2106854264
354290561
794293855
1369990196
1551974032
1667922912
917261418
2459005145
1122866241
562917201
1837103407
777915246
370125521
2579184981
2587173274
2382300857
1516342476
2258953406
590353450
270949252
2262022196
2563817173
494204022
884722820
385998385
2625998430
2306028862
1815559070
1223534091
273761411
2790818581
2158630251
2981780103
2218279752
64264842
1197732769
1786180159
167139600
2132403308
818118412
1653370211
1548827384
2962600383
2351309012
3107173152
1075222377
1964735242
1832153286
330291287
198228993
1619405595
1931944998
832805064
1212747220
1263356800
1704608402
1285574537
1131784299
1593956290
2837047309
2734197316
647263785
2325681985
1755037914
2971198858
1400975545
1838328183
871684133
1557678504
546200501
626887477
3102183557
2200403826
88762765
3016537955
1016325517
1674473899
2990530113
1728122410
2778670955
2872318357
1301658028
1135836547
1089896690
1358704715
134886909
424919069
2863035770
986298265
2223358512
2858186948
128647258
1442038471
1826432972
582667973
889852837
231397406
1308497216
778746171
249797927
2603012141
2969631037
437168623
33028516
1066986718
115962366
2585849054
1100895141
2465986964
834531186
1531106762
2325007568
2514476255
2953587047
1450921769
2458929158
348715982
1763730781
764931182
2810844003
2088728938
1600536698
2782464500
1409145590
2774623071
2156867458
61169260
3039607460
2842335291
1973619489
2358443433
1125637034
2030556020
352071250
2028019168
722887256
873323136
2415292562
2401361124
435392680
2302749402
1450402179
781286513
2234565654
197819659
2007634869
1576819061
543092318
1003329794
940084796
136408290
3057086183
2958799644
1676676994
1360227716
2538700048
468480248
1824459095
160073557
1681496699
2934596281
673311995
2664818623
1914504541
779018417
984405716
1922209274
144958591
1006778711
236914850
1104045047
2149625741
1917850550
409097308
2294403142
694384553
1757602370
2570376044
7014167
756224757
Encrypted: 7273841cb4ea4933e8d32bd92e513324502ab1f277055348d1551dce781b2f5fb5e2ae8f37954baa57fccbb2664191d2f60a167f
