Python 3.6.8 (default, Aug 20 2019, 17:12:48)  [GCC 8.3.0]
3125916022
274714901
1082838365
1478714524
1650776600
3116245780
3071127299
2098917532
1075620378
2922798302
2683266111
1948548584
2407841403
1410281920
1274777751
745995775
479056864
1173617491
2627012734
2713915911
537988438
2632295264
524658928
1028015262
1827000437
1170520117
2403810560
2299151986
524237550
1997445653
2220626971
2021532016
2595683377
1226249955
1581826285
2533294517
566240879
2842949039
2602451821
2722575304
2863181509
1636589592
3101624397
592208967
2116393792
884364487
2916587426
2253289406
527815490
2630092596
2992909501
1449301028
290559898
3067764358
586532898
1816621024
1314154443
1265313780
824251237
2984666530
1928982909
2775504313
166701742
2059787417
149910720
1315571655
1565181348
608089299
412304208
241021929
3029547099
3081585777
781945257
2771549519
3084551677
942240156
2504089460
1926059060
1651941559
1364531163
2433943915
2989989094
2014193829
1477752455
643088078
572448379
498441686
2096836210
2683285899
1503166781
2325301673
364315753
2362301817
594822682
2739958835
1871464907
346092897
2052197390
2144145517
289653375
2905173778
1444903446
2731315341
2509981279
1376234060
2184579660
1705601387
1389453764
1868258216
1432347617
1893849397
1265145103
211327482
1937626357
2602826939
235566120
2089427037
3056085426
3036613096
2880416748
2435002178
1493021516
2578129011
1972629444
2133899457
307667747
2601513664
1998483923
975261377
2983326746
677914434
302529544
592132561
288321046
77232508
55896796
2712039190
1403464574
418074832
2888530422
543830709
32954677
2694262406
494599575
45111908
1271570835
2953544338
2432392882
1433490790
2391605630
3089839365
1684691204
77776717
1858948664
232666005
1821332554
320654805
250826929
635140664
2966149552
2787328542
904051603
783732149
241170389
1023819761
2205201534
2989132961
399955208
1607166713
1137258894
1152876604
1226119177
2215924807
725941787
1156717193
251409808
234256687
2415150316
2128864628
276311463
1212769567
1089004933
1090511955
2730080894
915826894
2419950077
2996103215
1262230301
2147850099
3091970995
920757955
825594659
302697141
162574038
252416320
1980393852
1633048966
295809648
622464129
340061994
1921882238
3083108868
1976469462
2568336172
367948888
54906931
2884697727
304882539
1593884370
2004884921
1101315067
1482211870
2753689780
1541408420
2977261073
2397940777
2807119345
148530889
3125441335
1010329294
443800081
1499247650
915477894
2078431225
521335468
416933495
172768568
3071794464
2734993378
1163217288
2785737776
2838614279
81497788
1904715881
1070650787
476767501
1832227955
2990341180
533774443
768590336
479651395
1767696897
2876757135
1518474454
1073529504
1364083927
1478151329
925318395
2117046020
1563603796
1570298557
443988729
1744109917
3033264780
1076905056
84374408
1451262559
2866557168
2584702244
1333586305
1882348482
2416687499
983971268
2343423784
1266233957
1447684807
2739168216
2023432508
517736813
2547713589
402081747
1110614339
2196902993
18352797
2152130313
466350120
1055962753
1047537242
114641409
35518724
1113248526
388467451
873210774
463114800
373343630
2487308383
2671436900
169540724
1981944277
3053590295
1112149427
1996682668
1367866606
1712995666
1409283287
1262669289
2998917854
418903754
2320614341
1409011393
695345495
2931473009
2058215171
233997673
1013461093
1354662833
2227865742
2878411886
1613484381
2542188303
606017194
602802708
2177275477
1919789535
181933624
1264125624
841301685
1259183313
941969783
1369580949
1767572355
2088890578
597970241
2298443889
2722392563
1402113426
3119918072
1433777975
1011866953
2854295644
2365861852
1971501577
2513471057
769335774
1579838396
229414850
1863770822
561001584
1558293737
1196139454
2768172667
2491034445
1709562681
2410010083
1234436441
703465348
1412221785
715809024
539889210
515508749
1826235781
2324622022
1933723524
153903493
2464884659
672525463
1533142712
62711525
1210264497
1626842224
828285771
1756843043
2785930439
2528763405
2757877995
1226810719
837178333
2134065471
2795215330
257064580
1425822019
1349238188
1881862465
1163396014
356329969
1031424620
2298763637
923481636
2151328428
2980845327
964744876
2889375969
1416657660
2400458705
2087948595
2843557496
335937824
1131031663
347421284
1184253696
298622064
1397908137
3052873373
46256577
2729757274
2181812103
1678710305
1016935455
2556242341
645810709
2762571233
421785215
1648942590
572202046
1661659696
2147213938
2800197457
2272079474
508706031
26486397
535299637
2273146553
472827913
2455335905
3011398475
1707662391
1748028723
2085148441
631002229
486441930
2680370396
1148684462
1991259342
2635204434
2150156284
364531403
1292841876
556562049
2603836692
878609644
92160972
708247668
158421479
2094821546
62400037
408354043
2553576254
869174926
850320427
2220023651
2694029974
1858045011
467479997
2323510163
1918311187
1976652504
576285867
1686579752
2325987190
1059185819
1436625867
1488208204
853512223
425829826
2967145792
721569230
3119655003
2186287143
2940080850
744883981
771888272
911190311
2072167962
1339973985
1051476221
2167336464
1135880311
532274914
1262774463
2289450991
3066916919
40764041
1449126221
2186399524
2784451711
1774378202
677205631
783996076
178491116
492135149
2194743307
733349327
1202203164
2325906202
1928661137
818845808
528849489
2118951133
586247378
88682525
1504979258
52205306
2016873853
2910766715
1144869167
2839038229
2980323226
1206051434
2430055791
1859255710
2109865736
1613916403
1977730040
43071614
972781090
246774114
1670363588
2513437695
1882223659
591750023
2809957184
2482971205
3061189784
1144633944
2201200074
2092420100
1072028531
528899780
873170152
2908672565
2460541545
2230857524
2234104851
742727669
227819060
1233883315
2751444006
697137419
2527755893
2482765198
3004462743
1043880127
1526439600
579117962
783604943
562342277
39713884
1136093923
856437490
2877610357
2316874095
1629387475
1906356311
1929755407
1174599804
1471006244
2800338410
3102186338
1718581196
403459392
973080619
1501891170
982341417
50366607
1176594541
1310705391
221528934
49745943
168845484
1104345477
1559826841
256327220
307482925
580514086
190348364
903308667
3893335
2441704288
93826212
2699036438
354252728
1824897286
1229761529
2499328354
2735930945
2236381161
1748791757
2693792215
138102787
2875435299
95181147
1708088676
2415740505
932292351
699084317
1170286334
1249388973
3035040255
2449922081
2821109935
2010573403
2719669171
2402366946
1477252836
315996752
2565300258
311982608
351475334
2833248112
1006114781
2003396095
662540729
2493541401
1420228591
2908527343
1223524478
2355889824
2831610827
1734864635
3092687584
422819203
478470980
1787736180
1824428180
2175460930
1758541452
830530004
2956988001
2934663575
2347501492
1799170477
172003253
1722763894
1304783124
1109967474
1049416877
1300418974
509175741
228760996
1035790949
2576553844
1944567278
27201363
1908700419
3027542713
540729450
2110906818
77673937
952040230
1850392216
2952925134
269469988
768328170
3028868236
2158826820
2680674516
2365652951
1995315539
1789082906
712948224
1034019813
1602696609
2481675361
2592437847
1247260294
2390792861
2928586856
2642178344
1584670895
855791880
484514953
2661413378
2277982508
743856156
2849188883
2741468956
610284143
586287848
2513807626
2812779002
497855752
1922947197
2421611112
978119693
2967033356
1045140450
2298407443
274737307
2899753936
2109994552
1680432310
1435009390
3053959121
2683637051
2277945239
251192574
121202121
3061944500
2075843718
2635995535
3061080906
1162205210
1826154006
1838461756
1926294443
775881601
1521895907
1768829809
3131606462
3033996397
1127539537
2601619278
1737912632
2061983013
2151671720
2506692118
1125957253
2404576081
2964802397
930004747
1383138165
2650389004
122689855
1058838309
448356682
1856487384
1293634481
74517188
2867148867
333944123
2732063885
2199255053
693283178
2607767305
1948970552
2514359409
1564706313
892696869
1294167994
2178085635
2965324501
691767435
1058998010
1374833260
2434047083
884712328
943489194
329470670
1355765469
1217714895
2558023214
627376718
2850490668
191252840
2646221231
2019748596
2109138751
2505684873
2248616370
492633582
1404545999
2183105006
995104143
1897508622
1931905064
927113626
1824716208
1061811012
2139242557
1618408486
1022076376
1430536265
1564738399
1466088218
2442447918
378040290
2569744572
1608393895
2033931352
2364412287
2040443480
2007446331
1719460941
370600983
3082166223
1491361203
2589439120
1283643952
2775222127
165064925
2035953663
1944563070
309434933
100569225
2327024960
522575429
2953659808
2475881103
2239697263
2516134078
619490913
2131605403
1851700719
3067415791
1289711407
2725346931
2708187120
1502622524
2359237450
2689634412
1303206609
797392856
2997815279
2992393949
1725646269
2949830613
68349109
764835370
1687084474
2774654028
451358243
959718112
471450509
2915146592
111506184
2448544259
716897007
2523038572
2436873626
1592001036
1654574444
3025658064
695943671
2700735150
2711835445
1158047965
1071496817
2041272116
3086085071
1176765635
2663900860
3094164021
2560411474
33817027
2431845380
1894640160
1010076911
1895502997
870921908
8657018
245658290
1097661974
2248999177
716577123
2377561537
2942700254
1005401218
2634613139
2157043785
2177704118
3076632212
845918830
1678270678
2693067670
223626084
924392658
3114297174
844499246
437202986
219437344
2824991899
1209981877
2382319732
80389238
700641122
2859195875
806269084
2165323050
1257800121
1234103536
773713786
440023339
78438516
2491735837
2127126255
839822423
422791824
1667327450
2190730749
13256588
1704013406
2333540299
1819387742
1941059595
2289294369
2794624145
1079152095
786524431
2142107842
1809042419
59790834
1141472103
766021677
373894202
835527016
2364480067
2711967264
843674727
1293232020
591410481
663885860
720615096
578009348
2299326726
318362625
393305401
1112072304
2301753305
1534930175
840361944
1160491286
1569922953
2261973447
1617957346
2714837097
2367915217
2087257174
1864662617
1628684101
703963247
1637436857
2869073579
315525363
2857559623
1968215569
1236897996
1273739183
2759156671
1764752180
2084964706
2324073000
1277260484
1968064778
1489688946
2760091785
1940091474
1490778329
2306053974
2890424705
2563064406
2979873903
2126234151
324754925
2227142662
527556640
2050820972
360337564
2370919138
64575029
2383266895
539074376
1043503259
1782001965
136000897
990425128
873317121
2038737911
1252947939
1151511140
1647064424
2718745960
1720059525
2590576388
2774345970
725725526
2927437381
1145662838
2306108958
1618765861
2196962088
2177288111
672853667
2850707655
2371398426
395773814
116526793
2793644721
1709127389
878900437
2485964607
2951502559
3128584440
3090902140
1996717932
264272445
1760864177
2060401548
1502661027
1375275231
65877150
782325754
2698772695
146072791
711802328
1882696479
2474043271
1055329523
804183623
1937611560
614520163
2361541825
673629456
1673454289
2105530991
1421031587
3114037614
27619142
1256456567
2755458773
590516730
211261583
555107789
2450130871
1409888538
665286226
2056605714
626716749
1374616750
290413388
2422300902
843170225
2554774277
98112581
1583669807
2590446387
758891036
1275192640
1949595059
2280644385
1198928773
1689771567
3036755868
2599370674
118307067
546598899
2142683038
836396671
2924660740
66739684
1994831659
2205628169
2988194738
928036558
1358106872
2259799699
1972856210
466792864
663614356
2243032674
2504600342
2738920829
1048136483
2512455091
2194430275
1623599691
1388280484
1973756493
2107192633
3069608830
2419517988
2168490182
2305351003
867110118
82471453
760732454
1092965801
3098806427
2217615806
933130322
601090493
348216276
1387883344
2004480075
74100440
152057165
1347346267
743708706
60391703
790790091
2330908592
3062672395
1479107218
1089598932
2149253927
2925875188
1459254572
1838630655
742245104
877244653
2112297885
1716347498
843347969
2123442809
1914220083
854624759
1022225540
1421036198
2313499239
1825156741
837874384
695945601
2525329132
1001621719
2732048435
1788409330
1786884867
437520033
1420087529
583658056
2250421854
1621405081
482974231
405770524
226462130
2381974761
642283072
1561052714
1331963815
983733512
1097008261
1590743186
1599539204
1527814606
2209406644
838038208
2059830439
2662632073
55684451
2001756974
2785810522
707828229
343806491
836393679
8440769
1591628713
2389828875
501310672
1527966966
368133946
223500393
114133595
579640583
1757970638
2749953828
904237902
3001616207
2447942488
592246004
159279787
1527764190
643886926
1752336539
2758167107
1361738355
1901183837
2830774874
1689217988
35312008
2200164393
1401544060
2938646050
2171131492
2543971597
1311303232
988461313
253452512
721910950
2280742702
192746325
1892735386
1002610822
218508082
1290715155
1834816782
850542240
2028015199
1143209401
437243142
1965134665
2909908275
1704503402
790829240
276076297
1584936216
917564172
429839747
2225216197
116941285
3127210988
1821457730
172140923
2311571729
1247698951
2490088366
871859815
2223009752
2169942689
1293548124
2378866853
2502182407
2155119572
2154566098
2765791081
3019482077
2568252805
437388067
2875740106
1346259967
1711174691
635593391
2993346744
2000640600
1327175117
98502546
504309137
103959770
662690821
761417508
1271997266
455860461
1362911848
3043048971
869516147
410721619
2489529336
2371450269
1714127556
1202233899
451806202
186920757
405439008
1652534807
2600437345
2498477996
1142962802
10645063
2432063908
2599444796
577817172
1674804399
633604824
97425305
791987830
1645783953
2714560515
2027677729
1958274160
2383605556
533272054
2161361637
1303072849
1958217397
1887351941
2020815809
1784024853
1418922275
2975162148
1240499013
2197730596
1842656280
2100910471
1359709077
2854574466
2349000768
1958474345
143832343
2923639518
1534530862
1938096331
1231090287
1657117428
1639287564
2738545333
2945788826
1270996692
205530582
725186945
2813012454
1401679247
2247681904
646742292
663679156
2163796046
967951699
2434544954
519329011
1245259326
1374980757
1776336106
956179382
2534306384
1380106687
1819436162
2123294344
2067422315
1494069267
1929306554
485861412
473051299
415680220
2619500620
1269331577
2019935239
160756073
525847247
2162938045
2670152012
2352996487
2976950061
663109522
2549283305
1514275796
125474885
428923123
1004967112
667577325
2573882410
1625483335
821537091
1293905164
624456908
2550332250
935984572
143383542
981711832
776449445
1693932848
385588044
2391836686
139003383
1135151947
2735761062
2825886286
3029725831
1810859267
686414291
2338163747
2514639821
420790817
115176506
1467348596
1941957815
1315873112
889287504
722726342
1846466321
2162270544
1070243798
1491859847
586681686
2663275476
459989414
2885140757
90113237
2677422
2858891713
57848917
1256444889
1840607509
1304674349
1544779730
2168871693
3016555868
755410668
3043654390
51942038
1298574434
2033677338
425692723
1635002357
588435472
2714965258
2378572477
3065580125
2428739094
2054555738
559736736
2987690725
1251568400
121218616
1796002995
2093135521
3112576134
2506645540
2814482442
2093300706
2059169129
1355056794
1694195614
1003817311
2695626241
2863809462
1364164162
818488374
138925409
1585128431
974337993
1008921758
680908715
987553641
831527762
1629450252
2998274142
625655225
1237321904
2766511299
363158725
2315998656
688397055
1312940210
2143183203
2630885340
1213922209
1304643978
1615476274
1769864756
871702412
971545373
2581846403
242182305
2786471947
2667335339
2853342465
1312347985
2410688688
141091037
1052652689
1120193647
2204670109
1744729717
2905483745
895695966
1354668211
833402718
1939902029
127487324
886611650
2974349357
1556481789
1936921919
849488517
2418371264
2966056134
1013783008
2055253888
2263422290
901882832
997846163
273363835
1862452670
531572285
2888815659
853517422
209552643
2171370052
1969861812
2117741914
70338904
1560769698
2694712118
1817071397
791061683
147649322
2003749847
697025735
528756150
1395773134
2689075561
3066850921
411518792
2936869420
541675713
2590551475
2080801413
2744045969
2791572174
1140069556
110594766
2786066420
2823076836
863131918
997722480
726341139
2488305363
991622775
1281872520
783486562
323352140
1053003628
735747807
2436658020
484645907
570489750
674380918
2226440380
1713757945
1508394919
958928947
1696192492
2722682097
424697966
149590045
1549669671
309846361
2266596311
2383133613
491517581
2075092425
3012763624
1660983997
1084578322
1187231479
521169569
873872806
2205337728
2518798268
2740136305
1022937002
2232814269
2020657277
1708212311
2630973096
352965002
1712618219
372619
2240534058
3005532270
289409992
2598790298
1603371540
907681165
1690111592
2126298974
739945556
2530010980
2745536913
627961219
12026072
746941548
2895884893
324230372
756133853
1208446020
998959982
308284724
1885035884
830578596
2457895146
2588944936
688610894
2326231227
787909550
1928472112
153969988
1206470940
657269533
1170118138
1626681455
1176088666
2795361541
681738894
1363238921
1932945397
2915844246
676327174
1154436116
324135946
1376432082
1369980678
2794891138
760113151
2037004038
66096771
2130118135
2331560895
2490423742
1605257045
3016137754
1695548787
2333227716
241671812
454053047
1496286462
49776241
2610314387
1032787407
1325751586
1202082924
2822745674
949342114
778818714
666512109
1837211704
1097533882
922324598
1647592282
642448761
2783842037
2992210112
2259542776
2080344716
441880162
1120285337
347015361
2040557255
3057865090
2189403332
574703104
2988886346
1766441871
1942645770
2315476536
2741332845
1366112990
1455613924
112239222
944802699
2235897632
2982860506
704116273
277669519
816152709
2668679204
2507317853
960502280
675922653
849423527
2703759167
1261181787
3070173176
2875785462
2597998374
896414637
1205071114
1220051201
2117033240
521124339
979797924
2531528353
395640645
3109017780
1475240782
985375115
182284586
1114489485
682578697
1824775730
583726863
865502679
2731218360
2215276908
2894277123
2362609038
1935776439
467343468
1074414086
195628136
481221907
1825930747
1427187373
2242632516
1683969391
64808618
3090368888
2322517308
525813976
1028542969
990497656
2704199300
456117434
562708854
2659558889
2688485811
135724619
1970649116
1984616239
1786039349
1717245035
1294046375
390631608
655541614
511766622
2232130740
540884171
1494962514
2688038193
3132439385
391256511
1811754785
1848243726
239915720
284617055
2149815472
812779811
1076367707
1493040455
3065102548
1756126806
239536307
561522054
1708481392
623998424
2691583401
2513968539
2124055880
2201524582
1739418315
2208576960
484261792
1957353776
1002367825
668366001
1645227048
1586502985
648771249
865312362
1254634403
2424500028
1545897790
2167932715
472667412
1693599448
3035143579
2910928691
1946661001
63420333
1351409574
1531432483
1025580512
2225377442
1947632559
2871916911
313323139
1997374936
350030964
2656555995
237024894
2211173335
2485495098
1308210622
2922212355
149700486
76025144
1560447010
1720809620
1402837856
2916390756
2568385167
441580031
1631690847
891460526
1985251848
2668647425
1442509705
2023976664
1650802916
2384952093
2616835105
1005069606
2232192438
1774634534
259350585
1496329846
415968137
2630592912
851318519
566996671
1516279007
1160137544
2555491620
647160121
91521492
3108953358
1790981491
755869587
2090022003
2125441220
369413409
2997453859
1288754377
1460640465
401963842
2462338373
2697011300
2927438628
2626829742
168274917
1539204098
2190555207
1892894652
2657229842
2930323273
2134527011
3051825204
1977952904
504223065
1937143246
2145879615
460661679
2069285521
1067292670
2757595518
2088805434
607513571
2891529901
835342856
3122956681
837499285
361355181
2082801032
557200103
1744811967
1736425667
1115813509
1091960478
404969378
2784627740
2861952468
2682526925
2535105825
1539269246
1629722306
2508703776
2902793429
276411741
653814832
1226294046
258117912
360291552
3030456476
1628781730
2715750064
1383104198
2700572252
1286164178
365152133
1704355078
1942157589
167170838
1022337577
461714208
335796743
64744491
1118946562
1853605795
125745277
2875557082
879823896
359691929
2510795534
2903080700
1809398194
2899535409
249416809
1693718657
1558675454
2118990509
426452607
942873448
81730305
2122451811
1665474144
144597411
936120475
2158532010
1639720467
338593611
499525375
2236327818
2579492508
2598766036
1607143097
2488437833
1490518529
173436243
1976229914
2463030889
2156617603
892140798
379554332
2297685389
85004742
1837783357
1619853205
762699396
836312009
419363762
1699794029
43091199
2213604170
2840807393
643069996
2878894757
792437286
495436521
1441547559
1179081457
1534304879
2981117870
1696554297
2207931259
573788712
2666193878
2551902505
1014886243
1829869512
1674100928
1590577232
2709637757
1733736300
1268813780
233176497
367019118
215187144
2517374283
687132171
277218670
624724360
1381690893
2438915751
2470730409
939115943
1643952287
45578235
2535007179
374605907
67317501
1107429688
2847226861
2578708873
248357028
1551655322
1153696179
642303648
227113782
2232698967
1192887496
1846947909
1219254729
1936828075
2722164118
2176766587
129307173
1054385371
2924012804
1954616823
2136113043
2268116753
1081046855
1719373055
1516024249
1413169741
1800398734
1871445646
2120748253
3080561883
461670875
2896631343
1283584467
2944309640
2920325452
1408690857
748878502
2818053086
2649154866
3027772707
93016540
1992414511
879632544
2341333386
1231600427
2277857061
2003476450
2945011885
721146872
2695124937
466266147
255929631
1424373654
46839371
1254362905
553969563
1767732488
125227493
459578621
539824752
2589841181
1711869680
403697357
2444207053
1400029148
418371689
575539565
242253879
1699279362
1926316369
2103835768
2577893773
1366331333
3022421108
3008849153
2291452438
314959682
2519746776
654251876
1263071169
1366828753
938954657
2367172482
784742533
187599204
2045305021
1054327345
2800089167
2588354125
1899904018
2469339584
1977818473
13114660
1118976767
2490599273
1220648642
2234970064
460855702
1267864577
60346431
1856499582
1896725045
1052292752
1473235595
601773321
1897904172
2018523599
744589301
3037382159
2622593623
2621480730
2076594318
1966361333
1916361103
596540938
841314209
606711452
2373845119
728270663
626825195
765961588
447431399
1966368611
1935762458
1426547838
815306622
386468736
1529051017
2773274362
2673331751
1473296875
2000334081
704648653
2341221278
3095362673
557690974
2322180336
854465763
2212457007
2707405151
1501967815
81883986
1809938478
2906640610
2727024947
1128691464
2045679592
2946106306
1541763188
724984196
1494281661
22043844
321796896
1384324818
474370799
2019347656
1078452544
2732659654
779439949
2891629321
2290875043
1364152452
1307389333
1020424474
73811652
263913026
2392250496
1185850857
2864570788
868357767
111834960
1420292653
2531051699
956716250
2404747885
2988521230
1442818557
492430838
2559603021
2799595317
465709485
566315023
1057797107
2651803749
1936108732
691177749
449617572
1708389103
2222898757
317901620
2562518091
1353145833
2557770409
876654541
2201479196
1692141866
1136026552
2923952142
2651098980
2318612845
2279352287
2218262605
2562724020
2120647626
276958101
839645047
2545464554
1932495940
2212305380
2718112290
2121208581
272102821
1782865143
2689767174
1500439332
1182394646
696272200
541195331
2487771965
1202741864
2645937214
425755848
3001873228
614465963
2193511060
3013017058
2788195632
1571168518
2293231877
3004989485
2230262039
1086536564
1995132011
2716960695
56631700
2204880144
2074323185
1383086025
1162299074
2282251333
114695774
225573471
2101255401
1168236971
2191435302
1898674925
2120947598
1471924676
1590997393
2708754287
295067486
1106559467
450168334
2161398841
133811472
2620285814
694372318
2406533536
1160778257
969812003
2447055382
805676719
2701678942
12352754
98128645
655345599
1592015873
2542722172
2531082806
1250368705
1233281487
502795886
2409181547
1545745636
1854231019
615349188
67050936
913483340
1192884227
2752953934
1485121851
2213180623
1985153444
2995194814
824571214
399744067
811889781
2793042117
2809478124
660649099
704317761
2842023014
1404548318
2059761845
2754568876
1715496753
2474835207
290844348
398011386
1222554390
1956189566
2401175109
876529800
494694767
1122173415
524690049
2889736014
5102916
1261372382
1410751715
980761790
574466464
2494161506
419628058
101624571
2531890998
1864642679
1145640102
2709042947
1112656655
2689359708
2628059920
2410448764
1423567114
1645827815
1827875955
938553384
573220541
182824002
2307492607
1787738843
2515947664
1089156193
2899605199
3128860335
1574312486
2959865800
458043393
2139681230
2592513941
2102378728
2872506296
416114912
1087175799
1539165758
2623257261
2180368090
2542138796
430730404
1126002060
3041560262
1554512530
2942408842
1865756624
916936906
54361847
976390004
226060226
1621427934
677143209
1607704860
484650258
2001002402
433189699
744088170
2193257098
849764170
404360913
1379188532
1810058470
371654459
942176218
2111484022
705450792
1456413620
2784048017
1421127675
2199299338
825303336
796207977
514492333
550281177
1664699427
2766459149
2401352553
2029077271
2384481360
2041374737
441059322
853637232
903959030
469486495
532376311
967444202
652128785
112359528
2307893044
1516010306
1348247201
3046703555
871031732
2578212279
944452050
2700451805
2743819242
377135055
91651653
1179622579
2983321788
1503629702
491296180
1877777825
2193081144
930788569
2068384796
2735789898
1720152602
939798364
3016388940
3070094168
2635620508
654013660
2594749121
1312826062
2947084001
1954632566
3030398472
419328894
1193768600
350071725
1855421251
23706216
2692451868
441203753
640175392
1732947175
293277325
2998987256
1148986168
2813284205
641964921
1945093196
1726312507
264420002
2855322924
2867730948
455112764
1832757939
1961528690
859686652
1378945194
521541328
1114818318
2204725173
95098438
634513356
766169388
3033161695
1915649103
3132431376
1081068698
2005545582
3008734618
2235384361
2564170003
2512828305
1391238066
461731204
2626073522
1072708657
34998975
78105093
2587216988
1157525645
391508087
1964130230
2577128816
2161330781
1307409674
1022084698
105978477
760777566
1196104777
587647819
1314491825
846701958
2661943769
2947052904
1660442058
1153351900
2107476337
2014693876
931401966
1895275476
2934459664
2386972371
253054077
2311174624
3092831382
2095290212
1045613115
1419584368
2763399528
1098384466
2548314700
1425910763
3100087289
788460923
687165935
1676920836
649852168
3017937415
952566497
154952494
1740846366
2624357806
2395816451
293030365
720731546
2129035558
2593361936
1416752717
892741428
388394609
305106805
2971522919
3015238800
1491856246
2140844582
3077335835
1693087752
2467763798
579602017
177718945
719309927
2905487345
1601215131
1791575341
1579933187
2197535837
123258063
1036895661
2448541296
2107295915
1029140205
464533379
853781558
80014147
2109657088
145735083
104582494
1735193361
90999937
1870346841
1108506347
1241125667
2198122561
1225506293
1069336107
1554183298
1244792132
116031951
3041417400
685791732
762653079
821917070
2648898013
2971516286
1388059003
40874616
2088407374
3083028891
2782615894
649487125
2482422336
2144077357
588224548
1620475271
2238585664
2006755868
484448519
338531797
128731404
3125162177
918699939
2463958524
2067763092
2476432532
658574562
1532155791
527086204
1337685544
537332929
608959919
2909279220
1613723940
2605493020
3007501129
1332793884
1899390792
2414222346
563190999
1751066542
817318794
1772852245
2623234720
2310844075
1125857949
166493148
2142693610
321162014
2250494392
536642710
2556607866
2007434745
1564977563
2373232078
258627629
2133326337
3098437860
1239984486
3041134585
2245675652
1732119099
1119650287
872029019
1850044714
1672198459
164745503
1957361097
2616859966
2661622758
1711075201
1350873752
877011288
941519092
2555145257
99691918
477776815
1501487561
1469504308
228958204
1487654278
440222583
2772979362
1190263938
1296787637
2939771209
1265413301
914187576
760028018
2219779072
2568447552
531579261
2183010537
1694194395
2736570881
2894331107
267229330
999214473
991161621
49071996
314837156
1107925853
318295961
1440575760
3044269998
2208307115
2261452399
164662511
2946039927
154858771
39070303
2729203586
1012755314
399245004
1825399051
999440853
3054466048
118681047
2877452502
1443966512
2735553719
335398317
1984508617
2323146021
154406810
591371195
108420321
2138080264
1534924409
2109512723
1660981397
1385745101
1613983126
1158593568
792440173
45394857
2286094535
3054725540
2878343260
2950471691
2622555792
1199360113
2067096110
1214834420
1182474565
1094874832
710733987
3000748855
922606001
1731360029
372709082
2156124318
1536800043
1286503240
1457391238
2971074732
321621842
2280304077
938656624
1494490291
3123999221
3127634517
2836323918
2330981130
766771519
1146197190
2773493256
687203457
1743052069
1718109072
2791475914
150504099
20758866
1816939681
2180394457
1829201061
101365437
3006414447
322191265
1733506873
1626746877
2083408467
1521356474
3084515955
534066021
1230708852
2173727931
589205215
2192944603
745876981
2620721140
3062307334
14506129
1205679737
580385387
2272420031
1405402588
2748947898
3081408256
2400342997
1951743997
490482798
126625276
562590475
175633518
3100969287
2822514142
1047626749
1969192729
162343321
1575818082
1221662869
2013215564
3114133747
2229870711
2938677534
948509161
2748475995
2520228134
2744581511
1185601076
2739025132
386344475
2561861249
2051393974
1304764716
415629934
797228968
3046239073
822923980
186611236
2981143823
739407473
1098173946
752008098
1374272451
1958755387
2899726950
425861358
91419122
1296686486
232191632
3112260992
1499491368
2649299823
61580507
2395824210
618793841
1985259989
1988183370
1171103438
1026219655
906337361
1128831591
1347954370
1214331964
3044441391
1714468233
1970573127
1045667111
2044629336
1648896698
2907369563
2214151191
250231097
1822717726
2882545272
2352595675
111946771
2333709377
2166137431
185509440
2305907078
1473273315
1666079147
3078426738
88188084
2274630445
2910345797
2710616196
1420308621
1653946233
3016363275
892268608
2103468699
1077484807
1333265418
1102858745
1655671394
2661621619
405910367
1544735711
1556836861
2266141020
2853669331
1440837504
1887039946
1278075090
1514561574
237093260
1777909847
2999825840
2212634214
491695968
1490937501
3074549602
2667648219
2592826635
3099060676
1222661745
2046449412
1999332826
41156909
1574302610
2378127322
89024820
823770410
1896436389
1518288609
1496444287
739900579
2113236298
3121034674
1350141181
45686064
2692420155
480059349
1769535804
323166596
2559169319
2475319299
2118354322
2838091749
1097173637
708417261
364513438
1985487805
2756333336
2065973829
614647322
494302892
1276050045
1652958664
74573504
1346616162
402048272
2804811106
1690488793
1636325732
2841762426
622541976
1525202288
1784367181
1552674531
1632353792
2637358259
1749875906
937882015
809228068
148236614
2343175059
628331411
1917194110
3046702676
2047332649
3076916725
1848797013
2868100397
1025050521
2126914127
545594920
1000755120
2731250134
356018511
796358609
1885763276
2112803667
3073791092
602498421
419175466
1682887553
2614074346
1868327109
1179201583
2487769033
1062981503
2483971473
2213122997
930671692
2869752151
1123429194
1079536355
807051974
476247524
677431403
2920607085
2247703943
218167047
1037843243
1602927231
2320313068
2919813718
2737175906
1889184464
1507571538
1145078277
2421196217
2497791997
794685153
2511464997
2900578607
2659188301
2545210549
476642130
2062655594
1152763451
2846027583
574385581
563414276
2662005186
1876307549
1655590889
336386233
111979723
293484472
3025196652
2599404254
719921746
3043277818
2133626520
2622777722
1217898394
2910737847
609505924
586314188
2155464949
2520836653
1912403551
587403594
2829328033
1171780635
312168508
91526001
580963702
11809603
247581622
1133050388
702497352
1951896364
1432754378
330039045
919225910
2227838973
707058661
914668449
20758958
1116512908
113552830
3018546038
1830029307
1013236661
1337092929
2499850033
229475053
2483061252
2423378414
2436583881
2355108539
619783517
1509165476
1980351886
2322197280
2609647857
1807331773
958059143
2560772950
3017181401
2081607917
2675317591
1975302266
2600242159
2260252111
1902273052
632188851
2252208074
365414515
2488035893
2822114925
2601534420
1596995443
3037506086
236873700
2724941437
2995155110
2355987264
437073183
2708022110
1814083066
2154381543
2050820830
2356313950
2258713488
890627665
619950026
1058207373
1401703197
1628619553
2229444568
501721296
2885984585
2231159362
846371804
1971323758
894313496
224910898
713532239
710213868
2638235978
2333555978
2753248781
3032121252
1767130492
2705222784
229097197
1852225045
2145673628
2593064200
1709060088
2357825440
473064416
596438355
1679568736
904976324
1118935422
868712696
156936666
2602969192
700712970
1080989737
814925995
79713135
1932249996
2523977092
1862789021
2278801261
1802171457
1460647471
1289206610
1612400422
748588909
2142476525
1383743273
891522151
2528687015
368598461
2667973318
2344396282
1458553988
1467076671
1722770975
2980699599
1580852650
1606131845
834333293
2764045032
950210195
2652386853
2431069861
2004578683
1292722972
2320840476
2436298560
2259462337
1990419198
2475945967
842571396
1389812901
1858491837
1615068130
1702717020
41066584
1227975827
1247931401
1391899596
2014560782
576220292
376730950
2989357442
1371155354
265037442
784515258
2855767287
1332190451
2318838018
2776966121
1702534035
2444773630
2334297020
699627543
2289851459
1838011190
2662556833
454189836
2752409960
1638102197
1170861639
1466418362
1657241426
508514597
3057032198
2176466264
1780036318
2616052571
550681026
1148441751
1126238040
583660189
1512305190
3000427075
2943602333
1639978784
1999755919
748793028
1226824905
1657469071
1451420988
3120515850
1132544481
1843174287
2295807914
1179722388
153421691
22320836
123432369
2684838386
1171140958
1222326228
1859234965
2552837592
695777916
2645075368
1272445097
3104221143
313670585
726988973
1192011016
2083060970
2233669766
1621147676
2235701935
2947201001
777208470
2367032660
748294805
3108717224
1279073742
2884195080
2026596442
2299599792
726181225
1822067094
921139906
1077968838
129827714
348863954
301818057
1549296463
1262452119
301018757
746795489
1410397081
1693794657
362025420
522144517
1640024893
2492158644
421996449
2837988700
1317989429
1632622763
2987828399
1356001825
200694536
3129219827
534243922
2636803944
108854942
2820220219
205930757
990473875
1899433425
914755895
2216248791
2936400382
1409346764
2747331483
2137290857
2452032371
2049598584
1853273688
1890611792
1591670672
1180840667
2101545662
1188949472
2177161926
413402723
484050725
2620215202
2251961737
1483129124
193906862
712305376
2382516426
1403850419
1414231011
1694441421
2774675635
1766451235
1676525719
2684329276
1699186788
425756182
828202541
2029704410
1156194065
166432705
396906981
643400046
76212789
3094575367
2247935125
1921457124
539497276
1075263485
888480047
2015014582
1977921867
1935320530
81357490
2119376416
2669445622
1107908807
169788453
2826382682
2395837276
14089344
228342193
1350684612
660895959
113153182
2707085700
1008303776
1219412612
2587735430
2769034312
407853674
1061004200
884831774
2557255043
2224802480
663908186
1240710511
746536001
933173317
1784387840
187433754
1797578597
2573802047
1331188592
1263500053
1801857352
43150157
2845799099
1899096822
643493298
1420067496
563428852
1953038584
2603118473
834018741
2775157327
2737118492
724274645
1995587531
693582823
110379954
2532706735
2339042203
1737992356
513115164
1692056093
1374156726
29459073
2441466884
2234447096
303500480
2492911318
1969550889
2118170156
1922537121
988037573
2852568677
1393220324
589641421
2655162937
153063219
1952221404
3053536506
2643971998
846803956
577136846
1467839297
2591135888
509772164
892018333
1677220748
2235500883
1703481813
1626892530
1915348189
2651182171
479144087
861936741
1282477740
1109303837
2946504120
2556021014
809355756
1301013332
1419120377
2287806591
2619416724
546653919
2675450270
1684377392
1075533427
1394549610
180216708
72711782
2470133329
2088854853
2206468291
231759201
2012289285
1311441040
1149820283
46349795
2822792220
649569571
1379232646
2924135981
885685238
2361115802
4474658
115447633
3020556178
1841895460
1334835006
751212886
1671420048
2112878106
1359313854
2836343212
3087346854
2489146917
1573854117
467257608
2309447726
1382733147
2021424506
239221387
1024214931
1167753548
2400703246
1522116996
3119250737
329315685
2340378110
2683138133
2362984215
490608416
860269027
1950780182
2752280679
2794397708
2332440555
202013241
337003959
2613913707
1040800433
1466429712
183955298
784129831
2447077863
3099310441
1807903290
309079334
1415105752
2846912430
720962398
2749802912
1354544026
1611799138
1794730190
1420013700
805795179
1116815989
254403439
323711420
1997084782
2591415714
527479982
1553071637
3089860976
1416097135
1330123738
1505293914
289134487
3006327579
1467846285
199365533
2443353449
344288571
612875289
2253391547
2424890671
3027069695
847422004
2149567314
92247247
2793288928
262711568
755642234
912141423
1664154053
3077440421
1618161317
2488086863
603258312
1831148137
53322316
1349720715
83012314
2735602224
280110758
612102544
650162190
1228629100
1937590446
1409556791
1085821667
771275943
2652908761
2416498818
1465888635
457067954
3035906764
3018850323
2471384572
3081283010
2375026302
3078102368
2044085017
1879957151
29543321
2483487346
2595895413
1861795031
2549997751
2926521235
573052771
1246348330
2108167454
1931473046
1727510052
3096677052
375245480
1746688422
1638644676
843532784
395257837
2528373643
2924891320
124914021
2538856739
388879163
856557359
2330728833
3120383534
933647068
255255305
2766193964
2723102322
394520684
832270488
2149450584
323091707
1726509338
3076772845
1710666352
162301980
3122262942
2066657377
912190369
109006023
2320421773
686030352
2409644846
1836208862
2015515779
135673918
283609718
316888562
2076314972
1819703304
101999323
2375665138
1589458557
507425774
420605733
2696945831
1822914980
578123228
253226603
1534983629
2893785892
1150723196
2343950047
1849735703
2377166243
1539230765
1284382398
1093423328
178220914
337057967
1128851104
503440631
2330464901
1347436765
1481032912
220886307
2709311513
1264365963
2660352345
2003804658
2333452751
1281805276
448063547
2580771379
1744400739
2243375327
851243107
2229136540
2920765522
2388582484
673845630
2762543737
1624249586
42696673
2026360234
2364770839
2649282538
2304777498
720600830
2073131314
2715139171
2961506305
429277493
508960688
2793909986
1502633184
952611210
3014751838
2498315744
391248765
3081568333
472723337
2266830978
702050545
385421827
986180369
474953768
920398996
2314824507
2640629960
2515512232
1095562338
2911704729
2963801810
2417006479
799972928
125739241
691087808
2426883364
559922955
1998588376
1058586429
2430257859
1291616676
1065589509
2608814108
127904266
385166119
2464840768
1451555345
1007522261
2971510473
2888968334
2178705694
916305833
1217362922
2797210478
2424352706
480134228
418365867
1760746096
648367186
138597298
975500678
1053591732
1953799638
2511664062
2387670434
1139865293
2075226633
263447366
2352365087
2830764926
2244672640
760232076
658372025
1068494981
646014868
3037288095
2237304336
1033932581
2642586355
1558970656
166639127
322945690
2847868234
2969057463
1361413776
1941952863
1936421461
867708767
582556389
2079299354
2630434414
1726910430
2110198981
1845512693
2076063196
477377175
1744229511
2837336089
419862656
2283645262
440855518
1729819473
1174168828
772385984
1250120529
1471134427
2551965595
1304152932
2948293622
26109251
498103693
1287519399
2832682132
2443634110
2347643360
3089398016
1440955269
1463261705
1440213175
3090278211
3012976403
551925619
2050778370
766723999
1598008227
799929079
306400100
2617335900
1574307474
2801242253
1288098593
2583811266
398545030
3081791300
2663483624
684176956
553418644
2073924358
777252925
2475070009
1323759200
1624506187
3046117285
2289042629
1519518518
11187664
2731455379
2494249233
2026122380
2136195922
2860652756
1865375598
2115146778
2292269581
1832585325
2177790108
3096654285
1505174546
1621347155
2387712920
2211700415
2211564212
306551913
2073451675
320309075
820106951
842516374
2154005976
2777982267
811633287
1583433233
2798707576
2445477120
2465848555
1876496764
2691039513
359780580
1391836145
2966049625
1866117735
367041314
1366066638
573921120
1789882727
3009721813
2795259044
2594611784
332557980
2217120430
1959707894
7613450
486074290
427648978
2849091017
2376934791
155319799
767639650
556279040
2342641711
1498663855
1396441464
2873881526
890811218
2676629194
557549184
1446408809
967790621
16864820
2177884558
674831229
2130679191
836140396
1463996100
2492955775
1217409246
3132718866
357009073
2143539546
2784437884
1801164678
2019446236
1773429528
533307707
60092814
2129884743
352730236
2385991631
1931482621
2410909352
996716338
305755347
26992620
2618104855
2721775129
2822294755
801391128
2183791118
872552558
109322150
2693719325
3130294747
1492455037
2814943877
1916041739
2778259353
284658305
2542779243
2983888127
2921689363
1007114440
982221860
2408305728
2242902166
1106657747
2743997314
728174853
2401579305
2325471944
389537172
2182564330
20444337
1193392198
2693887154
700387958
2485834261
792898324
602592703
157174265
819552292
1818868874
357180199
1387285763
1657833844
2093162154
859305954
2030598188
1804709229
1148306395
1541702673
2515247952
2585835097
2674826243
650260946
2381244936
694644558
393433500
348178733
277082315
1654719401
1971185451
307489889
1745201139
2976768748
2483855365
2453919447
1085267333
2286020485
586441213
2559841896
1705837715
394099813
1180057188
144720147
1010729365
2373424896
805916812
332111444
2802443883
2177982886
2437770632
974802545
1584948688
1662426846
790082136
392906809
1454652916
1211456542
1040949769
2967681390
2562020871
2383919769
1149670413
1745842888
1557120339
2495042006
2428453807
246180549
1183665344
2228468465
217786458
2006550747
2137352472
1578897761
922715138
975925024
2417472208
2580116486
237125936
2007025047
932454425
1947226593
1281478314
1177657033
2718130740
1928261862
402163052
1174401651
2079004921
1567835655
2233815938
1065491286
1809457745
2664727687
2558630331
44994639
1325821992
957189191
2589065368
1582643662
2138968524
357897374
1638009551
2622843497
781599940
3114921618
3065807268
2393313706
2116124670
2142657075
2581314266
1223846170
2174168846
2809014926
1588079141
2070565240
136926464
498408067
168456766
249228234
1892835058
1166957466
259918797
1981167197
1596353607
1316034210
712114443
554850220
2369843202
1097654673
993038909
2516341402
1840292425
167711014
454373381
1317351937
2664716644
3106977720
1302264081
1749324247
2794056017
526348271
1857747415
505447081
2643595450
1877864552
3028937418
2226211401
2154269813
539849748
1896936235
1254908345
1976382711
2763697458
1820974155
2204119852
2205136428
991796849
2529535194
725439275
1287129279
856254875
2914900880
1706814957
2141732552
2298359453
2265154640
2625786962
1929091123
1262314742
1846558473
1844881923
381932240
606179217
254425655
2498347391
369585809
2042414172
1322536558
1368474633
2353683003
2766227067
497841424
1869813719
2281490005
3706971
1230543476
2109576300
1133713607
80934815
2420775614
2418591524
1000405229
2652103927
1159112333
2907263714
2366483743
1127318422
2050174045
372416188
792569110
1599554784
349556055
2578547174
2531976164
2595068441
1161275061
2108715578
2296940841
2474426029
1863219325
337272372
1994259074
2160792927
251168255
2644456747
958729992
1545325005
2757187457
1693180175
1146987107
1135621523
2268436887
1242758843
1240652381
1794512410
3124980637
1959521326
2389588547
1519076633
850296829
2985732368
2288582855
247126119
3063826856
2601711477
1257639596
2721312124
892059518
1825990042
749168929
1918331198
120947234
1224738182
1603553625
2301896485
2733531
883884840
2237213158
1522261773
2366388841
705031451
537267384
1398465847
2279734609
2022838305
1492518020
1752055460
1218342648
3029484588
1047153588
2136697641
2497135074
1898211074
1921319279
1390994099
598783978
2019866643
2216727770
2822759273
2182554220
2385510230
1216013405
2585730447
1742414441
631644940
1085908339
2817043329
1495959670
1208148548
3024955030
2332543695
1849877311
2366521220
2194285045
295452961
3036490326
765619532
791348269
1075074195
406237143
2732536351
1026894053
136151589
2187483761
2019703777
1806714074
1617767785
702259076
704810672
121220813
3070245530
3113323833
2287389683
1401629839
452467587
1293701333
30317209
1957512297
777541048
3078638788
2977162849
2169448291
2482902100
238120526
1660047268
150856190
2381309063
1984978985
1900035154
2460825978
1169518830
754481303
1620287092
1697016160
2211012196
740199412
2401980535
1045081388
2632325886
1408333490
1925790649
326036208
2924843696
483594155
2915269727
3012605788
1151843924
2193356315
1453262724
736132195
2790851887
652399277
16376169
1426099838
1671762310
1561607846
1804560787
1492077246
1715852023
1827138834
551876404
390337697
486116159
2433914811
2846345505
205730829
1890653356
393692194
2156759722
2225398196
1511612572
978111351
1282864543
1313638751
168182131
722495425
2610878851
2896601416
2594220465
1604927568
1544691299
2745736857
2441499208
1337032022
332611975
665092058
2691468356
2012488554
2622041909
3056132387
318738277
520351392
2032866210
2694708439
2389338963
806207465
2996275565
2713676673
1397714840
838182872
563391475
952449263
857843861
2729756516
1015563175
2450577489
1692257360
1378387169
580886543
1978264951
2041758966
1385612902
2926708846
1810710829
2409267198
1208501457
1183837784
2122330306
502769844
1487325730
2822928120
2113224505
3124084489
969770850
889938893
2798784534
2134504983
158907197
1653812922
704325871
1277188320
1056388900
2156888622
3049528250
15454734
148856729
1808116424
1851459551
2621245034
2045293547
2601775519
2428906437
776289235
1465511940
528091076
3066504193
1130703771
662528824
1490503077
13922597
388935364
1770331727
1971235910
1012564171
797258856
2775015175
2682941162
321708421
1590203266
799853489
3082241339
1132899318
2642965487
1837943532
2058119295
1657678192
1186769417
2022463267
2106124832
1016057673
2066018953
1659783245
2177313570
2177496543
2510458816
2207389815
2628072075
1044692040
1127697888
443831509
1040459448
2043782794
1976166354
1948745369
2521647465
989699922
2903674528
1180978801
1032917268
2891556638
2785281482
2294036849
2884865312
376742493
1363370541
3000394023
475163043
2720154399
1317764249
2779629804
570025044
1279180392
3015089097
1288809278
3052938902
930258418
3068338059
2097671824
469591344
816340680
2868814011
2643592228
2124529846
1550952670
2089365808
3025704985
1678180496
694862020
2619101588
294469438
703884447
1681698045
2023098570
178659010
1471126743
1860337458
1122715136
360786004
1861310865
1816431873
1298426036
3131551204
2100373019
2675732766
2421786826
617601196
1621525155
1462798886
1384338307
1995278924
865760866
1721697824
1002662573
660860669
1064383536
2501186130
2650241448
1903146948
3058486726
688877934
1451863514
2389939116
445581823
1155829964
2404137319
2643361246
115314311
2283269029
307053253
1398549849
1817068553
493797549
1253547583
331518235
96894319
647559458
2052036853
698990154
3027217479
557523387
199361191
3041105236
1785069364
231391875
2969521379
1457204046
2722921288
2101697813
1764989752
2014375237
2991846880
543797405
1488573024
1872072479
2193307644
428661041
1029062046
1077546018
1966926176
1893273414
2736429144
135918066
1874395416
1277420681
2070877128
980191577
2893364402
2981114538
547103697
1689258770
2945754828
2403903813
2853224475
1559735339
3081444803
2617321424
2100315229
2091838363
686570011
1223683081
1682240798
2960056554
2432255853
643693571
123605830
132984548
2927652251
2606728392
2195423005
957329551
1332196741
198521273
3089710765
1525108968
460398832
2563044872
2762919344
2928705094
2846570641
1370894055
1185196649
539085743
513922306
2493354431
613196705
1390608469
1618779857
1127861233
1335515013
2639288171
2641436312
2641070408
2815578248
1601170782
649893856
1219624204
1179468117
588961157
854856734
3011399126
2472370820
2698303236
2526295609
594764609
491869212
1162697036
363141130
1565551612
2376180802
1618956493
2824438646
578042814
573333856
1222838166
1573358096
920818676
2075130186
912390357
1404603867
1757847421
1262890117
599751907
1186287525
1524329453
478024931
2872217614
1919495846
147017014
1001203118
2919892817
33627224
1119079450
3124711797
2734431428
653993222
1989543709
1063528515
1043084778
1122587328
1866879266
2171483120
1486282324
2554247736
1042885582
2605365986
319337870
2836070021
1380619649
2476951307
322136663
1685140172
1649003798
2151912788
1984070779
1417491188
2560204628
1797411314
730054376
1144495609
583918763
2067591157
2533120063
2916279627
2646768035
2038742634
2437789412
584531709
2495111729
2320980463
2446384177
3033522547
1309435795
1559415639
144827957
1707247044
2985418740
2012077013
1822844285
587873819
968589945
2746313699
2312159058
1021256574
2883856053
271655993
271384217
2920326909
1291320441
131860684
1781246532
1072375693
2629745614
405354244
538338211
2867344644
1526614411
1578221293
978622607
1108763064
2658302205
975093577
632391115
1198120417
558812490
3112258356
248636651
2709288247
372715475
1500861318
222397814
1853007809
2040016691
285246447
976076649
2550604959
2982615256
1788020561
1421718791
1214355177
1938963028
2446971454
3061028745
2069320681
46701785
2703060110
2963098859
1282569021
200408759
2379902969
243705146
2642823357
1864547361
1291645359
2044239001
2103180720
2712821083
2522857249
421263112
2259475278
2784358063
2317293577
987208817
1257944937
2083351915
1179952002
422624585
2348269702
2638569221
1290502671
1820429759
1031672717
191890528
2213602383
991705517
1947887377
2623398515
2812509295
1005399175
1915363455
1922826183
1939124816
1831028730
1361919969
926345786
459278119
1942217066
1309793369
1350594334
476627786
2352731406
2120927329
242419447
3058904273
1279380215
2365042286
2660481594
335721787
410148008
1631712986
1422512479
227530810
2356851174
125312847
182997709
603200286
819881181
1060833807
189005605
3008481936
661245879
1651804539
1950661011
406541969
149205963
2965765851
640292587
2793011489
99410652
2101345642
2842894859
1499168265
741770628
1310415800
2512080788
1787408117
1532887914
2016341930
226233543
1885462529
2702185085
339947829
1877696139
702638303
1488604107
2894584424
743570255
2093764922
1353343422
3101346417
680143484
1123861803
1897751548
3000337850
3128117729
764678791
10922054
2119376072
1554246925
604445952
1486687821
1245129810
370462072
347485080
563400866
1999549066
2175375581
2859518355
1209600271
525002648
806003270
1897039741
2890567300
1871696629
454639322
1596197108
1298854794
2350400092
2956501554
550017488
1113347477
2240836303
670050904
2638494134
2839613476
3020728102
625738975
727366206
2600928420
1700099484
2486535671
1977375710
480263281
773621192
1037254588
1411188788
2595633562
2891615605
2024322170
2396967929
2769900885
67783039
2726776111
776776754
2515976257
944885634
2736338086
1371535566
1347010537
1521649520
2985262171
906268932
2736316996
648182290
2073073694
2715278090
388428881
1109359288
1212785237
269306837
481960223
60826006
473019835
1879659984
169971729
1410529141
590032538
2348226738
379493770
2037555024
1567783082
1270101740
1581164562
1399969242
245297390
2269981797
2395334756
692747824
368133436
540889183
600175266
974448590
1387717792
1280799719
1287808151
624062156
2044055391
2631985845
239795640
865920915
327223421
2647073631
1587119496
23192721
3058210407
241879422
2947060902
2923313352
414719765
1310208690
2289980664
816091876
3076163497
2911438354
2566007858
169217071
2512848657
740259232
1787265574
1498484499
1770423322
3096135051
1467435329
1309887529
400726738
11266282
1833513725
1338608812
3007350136
440789693
2841945785
2985437427
186313316
2114839532
3084084937
2107149291
1238294603
1533926017
732441841
2388127711
2666762687
2943649504
557071552
1178076283
1742765276
625850379
91476146
2737342685
1486678823
2394890742
822028259
2449508868
1811535882
2138620036
393405389
1124439577
718746064
1634091547
2491875975
312576304
1880573306
2385636086
2185670500
813874574
3052716501
1369488638
2695947328
3027230714
1852625460
2563715881
969929894
2811885276
2881414646
615544229
1486496755
2330787150
800120865
2721510627
1773350091
301103057
2645052802
720787615
949741509
1012884305
1021230264
1670193085
2022378470
853210074
2653204862
932164647
1814359292
3013955523
2106773856
2331706223
1441808006
1538477946
2631709357
2368366067
937914943
1610981732
99438087
1238232166
2357598497
2927892935
2118802505
2367527818
1856070419
710722206
2755381443
783477720
2677287345
1472861994
1646739321
2669830325
2302611715
172232368
2335738247
1664154234
1377006063
2568255227
1073980480
599213506
1222559549
2476781978
2036221000
2821770304
1780925333
256447057
2224715689
872564991
1629011048
2766212024
1382465445
510758116
1986992994
1583741882
2817616484
1286288516
1356766576
2829515737
3045211464
229098719
2786136933
2646169729
2006452603
1791166550
11717353
1401012842
2386355417
3002658970
1202520333
619826654
444757733
Encrypted: d6ee3c93a740454efc715594a5c01662298d334889aa83913fdd2bf77a3a453a873f55894bd67e7709c912eb854e5283770c8730
