Python 3.6.8 (default, Aug 20 2019, 17:12:48)  [GCC 8.3.0]
2014487135
2645339644
434459891
1726504896
861147345
2251488002
86999229
1453324875
2602806265
517832572
1547122180
2655450150
1945411543
2965551976
504125769
3021502845
35857462
2422268039
898496026
2199853937
2302762752
283165974
2616283946
1905034582
561053156
637450671
1332906159
1699637520
2090234896
786951632
1910249683
92956778
1715458632
3077191133
3119659579
2936964405
1830347348
830050771
2274342466
3070147069
668581634
896753517
2541238583
617864986
1099908746
1264599379
1246554140
544845483
2358021638
2547355609
2202129179
1612592340
457746039
259112793
877422368
567312617
252834331
2243992921
2825160805
2736453950
389027323
244489020
2313437842
185622775
2321169989
1289706250
2370886992
2552166700
2273942618
2711659128
1884136881
1635032653
1531117080
899272484
2660799160
2873020203
1715515060
923702837
1498533870
2284594034
442809685
1450181906
2024954492
2535405687
2504897052
1320871176
827124274
2761783641
1059356786
2713223851
429192157
1636167111
3053908498
3069336902
2445116347
2875201721
2813886638
1996423436
2361806502
1366855438
93772239
510402279
464225981
469341613
2065916709
1062224402
3102213689
1492313158
1430930351
159578067
1323756326
3038926745
598914677
2017849218
2399880420
261248175
301213894
1640681873
467417266
859192984
210056010
1856029950
2241370015
3054662050
1871668259
111989060
1792726359
1936605102
1992840733
1614977766
1394341192
1724748902
962732369
1652617893
1896873910
718480261
2682593325
1720957615
2925521148
1112598929
1658332619
1299478766
2759913280
821400341
1191026346
1050257291
2807369634
1446967517
1818991900
2602222662
485316436
212171938
2050455171
726274080
1159932365
2403399684
2726774486
594680261
2700492137
295362199
2532572251
439217048
3008150584
944421175
2614691509
2885192577
1396453977
2079937590
3096969355
3031396178
137336766
1618013570
3015990352
183435046
94813190
2340316536
1958023898
2310975121
1789434715
1881651529
1222056464
2680655631
647101763
443512751
666345792
389448748
1765259663
1475021833
2664771007
83563741
2194442395
2693608574
3063562657
3078724152
2533365030
2227284294
296001652
438499313
1917356031
797221455
2572703671
1328840423
1766457861
1425782195
1352457679
569313229
2518230554
2879683435
979421245
603578198
3088451512
2573968499
1253556052
1957778907
1491001426
1133907989
1131781028
468862871
2155079054
3044608053
3025878858
304350901
230587934
2226279434
2848941022
1304755831
1415234008
399798690
1767032973
2686543416
569464001
309187553
1761933654
1810885105
2188834058
1643471923
1284272579
2119102115
1010364739
303433294
639961269
1346400194
806276100
533537123
685081682
1665978485
1387224546
836229347
711242113
393052816
737358786
2858200085
763150720
2256969230
363108661
2580005748
37344601
195662205
2393602051
1233131372
1871237605
3084340730
935690208
2432100657
514775503
1729196554
2453125962
1481242421
19398127
1425797538
1228659934
251941016
668874963
2500985469
2063065015
985420878
3075720805
667830992
1851947981
2276140020
37213878
2651704075
2496577669
1897096277
1531669830
1600861563
1021943552
245468662
1590544129
2720739866
2494568919
1936580785
1772996969
2801982498
499272288
990533700
1204878047
2584986060
186578448
2976265834
41936321
1375473953
528597936
2740641926
1259276262
3053868555
3023383684
991775587
1612415186
2123958581
1716745084
1967654828
1065297841
187777614
447391252
1893226528
133707143
1817206151
2687476931
160909772
562634960
1017279606
2962231701
261156593
974492406
1734165974
677619318
1948903947
2845316076
1598682393
799424729
2458580800
1187970241
1776922937
2012746903
636797976
486736138
2292044341
2291565970
1183615987
1539919064
2532364240
354546902
2429596449
2700849182
2902701332
1795932861
1679102534
804677419
966320525
63081573
2046110295
1351866477
1351222193
1123556423
2941418549
2980056275
667803390
1368243365
865708933
2913637013
3087107445
2868929547
1470268057
449230749
2933567362
952726477
295323954
1177923623
2883345280
959211126
2287943369
1315736231
2650833167
1768845531
2910332535
1512898622
2506138377
940475576
2621523122
3099548493
586279491
2734675370
1273744409
1621893931
1987488673
730713540
1813895090
2131943404
2318083691
2122679627
1975671848
1984580973
1420937801
1662134119
2190136044
1958997498
2400601579
1605305898
832363699
2925844724
1748840303
871282098
1401089842
2959338478
3030592717
1285096449
1006605813
1635587459
878669560
2456360295
1304223363
824205182
28987995
2049704519
2199487103
2891768554
2566972804
2796912162
1511439501
2548501974
1230722466
2040299583
1793676226
2118319934
2703159568
2784892236
1453075998
36259464
2398572559
3124407639
1722315455
1479380425
2228015452
488050976
960085691
2763033343
1078311101
59624864
402362746
2123838995
1361784567
1163006111
1249954068
1670034576
1392870439
2432811961
274495485
2889945709
1209200652
458387893
563931372
231773376
1793469311
1117371698
502529089
1469420465
2668895048
420062799
271047952
2138811183
1185678473
1966031381
2308526776
644970752
191270466
968476616
578849847
1938928085
2536688304
3121027824
3098562025
1998714468
1316153262
737105324
2489560959
1557047400
1225233891
1040542033
1804077955
2785193791
667399828
1848978355
2565996245
90999548
1510868936
3029508240
2096319198
638715734
2821636129
1198972865
1872346344
2330401350
272532510
1379892503
2766771836
223563184
2632985015
246794332
2378624573
2674006960
1368766486
2519258972
2117274202
1513934929
934469208
672901413
1090591830
2420924473
2054752159
1924781473
2093351497
854826576
1293561819
2532870464
1201783154
98931221
93049169
2572359981
1055325218
4443029
2706195585
2558983480
272609833
1684894048
2031870463
2368878801
2271922194
400294281
983524455
2946163910
1191457180
3101100210
2950369525
2483916422
1620484799
120355681
471303924
1597252646
1751185986
2107148026
1752570316
2163042236
905742065
1769608173
2040841550
418425703
170409944
150444080
2499705242
1144833496
432937406
1026845641
3132862536
2716769508
3036764375
442555437
63245168
955372460
1780189676
791650799
1374893401
730804669
30835096
519601141
446099108
1439094105
1307793745
1685895678
2254092254
2956404973
1193520452
2938899987
1671627208
2630667111
359213986
414087987
2024255080
1215301551
732393157
221611145
323083470
1659482686
2676135797
1591215016
48624150
519463630
1215341127
1237969808
1080401815
846928425
2901501624
991016679
222177626
3054183115
2686306387
830796236
626202919
3088902047
2281635842
54474679
1453639767
928897351
117319743
1412202067
512349719
2415760780
396478854
2479852241
2462555872
2548247625
1378740246
33012432
1878406953
1036104904
2862038602
1362518595
65231198
2988340532
725847778
1612214902
366587870
1777721605
3045920679
1361740285
1123295393
680223574
2062294291
964689983
1366185557
552094560
2596381233
2231129457
513661113
1896827696
2587943295
191042995
2080630852
1862562834
891511946
122811388
1929441509
2891518171
812678777
667060083
2820925581
827794588
2140631017
2455656797
1413988848
1562394688
2365851946
957649239
97588108
697551676
942279984
814886192
499977535
2208318319
1172999454
953366325
1603687998
1128350947
518145383
25177139
1646074085
2680792311
1250107685
1814906072
321914377
798516992
2551573590
2149822570
2410350561
480360491
680554589
1914709442
2277355299
2277721355
1022230148
2441503559
348332328
1479399050
971423453
1260308894
2564032986
295811945
3017097296
1945933472
1068016053
1364230350
68962809
2374411017
903420944
10670140
1224797811
126552700
1421599248
476029954
268664063
1324337739
2115678692
2677848960
2133472879
2419427805
2132191376
1473040943
1372664330
1422119572
728105664
2512783742
104272982
2688402713
350235056
518216722
489545172
188302329
1320628285
192360898
843277038
636958671
1128090191
2369603903
745493815
2115935260
83527143
2285418623
2572349041
784933427
1868642952
2505582809
2276953797
2614439231
101761129
2918504492
3065876761
719301204
2012530801
1650711110
826597525
434247840
708192268
2104926424
2623278191
321625302
2058537588
1010118492
1003752841
1353547920
13048250
4330199
2639737121
1193769729
512638240
1197595293
1003494561
2441446548
194915435
2720635453
583077957
1837966792
471018228
1733237334
2304547196
2087809027
2730590424
905459661
1244319098
2100499006
2008932371
1202598943
2083444140
1737488764
2967605652
588046930
3023781084
2340895711
1216056804
654350437
2411456421
2370017695
635833704
204636692
2502885300
334249132
2380608569
207746257
2503369214
472136963
2320464485
403061629
2535004888
1790268396
1671714575
2548341824
2067794431
2661810780
2715989624
2593926497
3116562641
2362133922
2892823130
2821967763
2072872770
162117219
2925898711
2677346814
372233248
878657604
2180733046
1031431435
1011143507
184896204
2698353355
2725489539
1657825019
2278214831
236625304
1165112730
1919100912
1604302766
1561134823
1640471836
1155915087
2710429465
2882283696
1596570302
1241471753
527456813
393223386
1696374442
21833030
1885861208
2762863424
1569459173
3128873558
6636423
3128459794
1017933506
1903283560
641559381
1550700801
837699538
659184082
2888849489
1364638902
325852475
3093424412
301289515
1079143857
720698012
421504425
1315708140
593574338
1218908833
567739212
3072684170
1213221523
553593834
2303627770
2876721654
377947806
1877038468
2385300940
1631161449
544095331
2710820367
995710989
1142444773
343036725
496781413
1290682113
1260971530
143809326
2287180965
2372908060
1767994797
1625284381
660670632
825409080
1739787926
1674369289
1022734000
1820563992
1156337658
2309807072
3070196897
1848611212
604265167
1177862303
122815200
442255564
709748436
1385615286
2236560711
1178083607
1325951468
341911604
1907902518
235519302
2917113140
1015189373
3112040405
1794072451
3132653182
1466291705
741382424
1985266667
554195431
1916211356
543650298
1372931113
1311388706
1606509148
684760494
1481073999
925881809
2484943312
383947225
2575047716
2391482003
2849412878
2803465927
428824604
1871567227
2780058878
1670706554
1555701281
2908377184
458722679
2546317495
954267928
2250698582
62125064
721077610
1008919769
3028202043
2741998530
1911942379
873943
1034448856
2176411546
938440668
871521461
1904407109
833331777
2653454103
841492561
1771880253
2975155747
1320004349
150025524
256176705
2367149561
682778313
1900413917
744069412
1262197076
1009950063
1923067430
689809326
1305762531
121819930
1892245364
271967409
2134136480
1406296210
1336352141
3095565848
901421054
2485137905
2452257145
2742547115
1216865266
382762378
2241896493
2006173438
2208983720
2402424603
1353199908
1491096864
1568287438
1045179516
575270893
1668436982
3083810356
1601044304
327770080
1858265795
2393529099
423694386
886547743
173101451
3011631605
2537479236
2778419407
597613585
2175048356
1701856759
330375887
1032765208
2996135543
385843822
2558203002
1604171644
1690599353
333139091
1273907527
2315728866
1053128162
3005786223
2808409778
2361780635
711363871
1279190179
2702961397
2037902735
717391435
1276895889
531347856
1112782260
114703183
1342300620
1329911659
1315204988
331640797
977885936
1146825469
1756369782
1593165163
1910063876
267695405
1081680194
545977206
2045934433
2626085926
2142096707
1888392523
2302969891
1270395294
354957651
2660196320
2453247194
923954991
513734826
2702070497
2479235210
937638733
112729217
768848181
271317261
1860443629
1397038026
672036975
1828400575
2972373639
1878540691
930369961
2127611036
2167838229
3052921015
1251538743
2705767047
763831866
2280385258
1069388260
805101010
875229171
2668647197
1362658966
764530157
2148775453
3076521990
2190463350
1132536544
3044702142
2004567166
671348754
2914100597
2637251854
1461013291
2200538700
462717209
2912709756
1356886243
2050231040
1009880814
851691470
1884311607
735213264
1896505455
2629264584
2712003514
1600172243
1428476738
3120764058
874674989
1221489657
1555279365
2623378674
1775180162
1051241650
752177304
1855724399
1597483197
1746816404
1694635879
1989079944
2132397496
2158625364
744714826
1463626665
2042724039
805720583
1945114066
1877958881
1137907361
2977224726
976579599
2182389104
2763960208
2448172972
3014056192
1954117311
1171479358
622879540
3002948052
1483034541
3131831261
1722261145
1043194964
2038060623
1914171791
2472729818
2592367489
658565456
1829691781
1782080311
792360228
2035810528
819897039
596187441
2846460567
1224307692
1112735192
1254620548
842644113
1297382959
2822280187
1784036890
1113275838
2563463944
47859668
160846591
2175422812
201991001
1667276957
2779501676
61763546
2447426113
2520516990
1382769970
1916786697
171239908
1565096221
1613162077
1744742510
1216231719
96509625
1598234667
11053819
305030630
1358605114
1357217386
2878951800
2173548728
434804555
1043740319
2588597048
1243127510
823030557
317383316
1442992526
927506157
857598602
28089707
3086329235
1062248096
1959113190
1678430499
2547246110
2561305483
2825622210
11154379
2779789625
2889228316
962740266
419686609
355459672
934339540
1291644894
558505872
894853562
1888450591
55997411
2616617083
1405857381
423866032
2518308023
2984237278
449091045
2042015426
966746447
2962913943
167889857
697764502
1273092940
1054930725
798235674
1149043328
908742133
2907552035
603462825
2797127418
1274099354
734725657
832862329
1516064912
2701354963
634109529
1936711328
1146459368
761534900
850501606
255574763
1999570557
246909829
244018253
1212047074
2488926651
3101911879
2330388498
1276915652
2255309983
1553524691
560278805
1404256055
1224831918
2476714392
1263420944
1112631736
2395924625
2850306117
169450555
2821555844
1944277101
2842402483
1396372218
1962652747
464249334
712069541
248250333
1519995138
1663557045
2362943848
255746247
2852404181
1584700900
570998142
2974500314
267206079
2082407401
226763805
633834320
512780438
2307889963
817001496
1544604195
2192635834
1889592060
282754543
1064200786
1717128752
2532253699
2733962595
1219524956
2023796357
318842110
2712805948
2362370226
1664504491
2964138363
1126048373
2253509174
1609519065
2918394024
1520871213
649440785
704474785
2990780664
757183739
592140862
2300567272
1619494311
861439362
1575272158
1170632170
355334289
2311743070
2565025857
1238390232
3056000679
2603611242
1210023522
2891044784
221753493
1573172673
2373541307
1270551357
514190159
222052959
2572055181
2043341785
2489571613
1821849534
354296803
330266591
2345566893
2065400146
1317831914
1015717360
2398657939
1379901997
1019919118
136631210
634402306
1003509840
291550848
53360912
1914565109
2545112718
2967621559
2419791197
225898665
2782125227
651249967
3066741385
2414338218
864899260
1172530843
1397722182
1471921335
1491677958
1923162086
424732347
561318094
1369999980
2806445988
3121278887
1750293891
2844633997
2029328634
741158578
1325322182
977044818
337559010
1085803268
2984540048
1505509510
890308395
2413823314
20328224
249506203
2233978863
1131280293
2370461650
30512278
1222505472
992450809
1921027120
1156094806
1515750609
2588739670
170300367
749389885
1623442136
2226671869
266353771
2131027235
2191641041
2674094436
276463158
1725686503
2796270281
3095860035
2368377019
179046301
2967019032
114265910
1567874437
2457789387
870888958
3080207721
1980928032
721330923
2389861876
302972186
2851196869
984773496
1521727439
1306215118
2535331359
1168829734
1285579534
999141193
2962302942
1675913552
1020886541
423073769
193402452
2232985801
1518855654
2923242168
1836697411
3071753820
2356557202
2976131333
2079546369
2771321595
554929778
312925519
3003891158
91650325
2067602117
1951651779
2344811434
362331059
2611753452
176539849
2414749810
1787808007
729476441
260906199
1323030727
1646223365
2941316689
1365927807
1987020356
1195040027
1269309872
548503127
904536571
1101774528
580737486
3058407838
1976586563
349973670
2625880822
2693520529
267393768
1274369955
1150116909
265075523
2291045312
2958585000
1237806951
375357544
536650942
1005402550
2653313342
6320606
1065892797
118201261
1886025333
876330765
148575857
1012143510
1810508721
791228656
1539670567
1352973708
1068390446
2581626532
2180498494
2165700363
184186388
2326845394
138717694
1223821298
903293038
2414563763
692861085
2347651615
304439338
220440835
1553377595
1883740828
1667411705
2985492770
384084850
1909642682
1540331043
1441900642
151064805
310367500
1124506836
859369691
1774854909
2841742022
1544724271
1806899999
450214588
3047201522
2625387344
908242902
169685705
2370137833
792025521
2006439082
1867225557
2169752875
2519970155
2825750667
771602455
1979295766
1293140517
1239586654
2327690044
1848133045
298240925
1707051414
441981294
101103373
1426804522
823200315
2001365759
2008936607
875608753
3078273209
2141677520
2670580904
1524550439
724778013
1115482060
406948705
694892327
1777216391
1111832928
2233821764
404168556
1386842162
3041236682
2900853764
1697700903
1631361746
1174329865
1895253386
2665148717
832899678
2274500506
2463357742
402775230
1218887226
938723926
969803546
1197597681
1076502500
2704523152
1332266641
2657666961
279865807
2225006787
1300025549
22688642
2798884012
143920459
1765949498
2501843835
1303418074
660895614
182979149
1292528569
1300790053
2868851350
1026033441
1975759295
2316287191
2263191621
865517238
2331561056
2855195688
903969409
268270181
683914644
811329565
689480444
1522847684
3089801673
2560654369
1686747314
2784870154
2616564847
1622264021
2103207637
2851356222
2851035086
1864400025
2812562421
2903499108
2458998503
2657044052
2513874185
3061426187
2888493903
387752637
1888138356
789698763
773509782
884863819
2266628429
487159028
214905708
2082159252
1331069108
1616294411
53493305
738936517
1185555391
3074646587
646317200
2775790027
1870129667
2039805527
1920728737
2896765762
2260724145
165029316
2161231522
811785250
3050781211
2644781656
486170710
655773836
1293876923
1858383839
32071249
2152039791
2231707089
2619825926
925503440
2803562608
403671333
408118034
2927718402
753835541
3086709828
1318993252
1130776194
893115947
3045119846
2266371951
1942046683
3089163223
1558188914
2926667083
3015058885
843965678
1813964977
1034263797
2936625410
691703145
2065955445
855569379
2853751189
74052609
343743936
1307899438
1468392920
477407218
2077107021
2225014938
2853602563
622562530
2938443554
130232677
1021090370
2153643815
1218609015
2610491034
2694962990
2409598930
554548861
2612918453
413423759
2951015294
279961394
1508939772
502302951
360336866
190627887
2651802590
2791032523
505623309
541869119
512320827
1683542525
1316163441
94879030
1481115593
814249670
2320325428
937078388
1056754757
2613573590
1318669809
1957502616
1319620162
899575967
961954679
2914238077
2327066148
1293178325
414990183
288317771
2872240382
1341950463
1901967627
1575950309
414845005
2153832239
1634362953
800294592
2147613316
2216001595
917507627
1817100668
2081384183
811417222
1345086606
1008045402
1987818478
1721253988
2556036846
1002614120
11036919
450092439
784478047
1858561118
967183846
2963129580
548213261
2762285402
1476796033
1019268125
1582778639
1034507933
1969807595
290096924
661467373
1178279656
1538063519
2491733710
3092448167
2425549116
416875876
1019600668
2959410387
1324214667
1286383884
2560013686
626134618
2678334476
1595583750
1432422086
1400160723
2057202586
857932273
3115065340
1759680122
107455093
780868764
2175918754
167200632
60743110
213425137
1390638038
2540160581
2169238282
1366904096
441208254
969253416
516270413
2700150476
679047060
1091381293
657881903
2073530067
2475987135
891206473
12222654
2720661888
3020295258
1788665131
1409957823
1775098245
1719985987
876936574
738249549
1395541078
562573912
2754313464
1761909287
2848704003
2557650105
1722316902
612743352
587086124
2937272960
229924295
2826870180
2197470028
732296523
1228729138
1263679613
831503172
30971702
742494491
2126725204
73998810
797667330
522663793
1957200655
2987726773
2495903535
3098560311
2753643986
986217273
2672554167
1937994658
2347351677
1930096939
2160351590
1742947652
1447746542
1495086986
1705002261
589048180
1498737585
1258514017
1879950381
428793191
1454434066
1594664940
2603560998
1044390382
2641639633
2359367156
244049900
1837373495
240309599
1259766249
2733454214
280213955
1678132431
2939403485
2654790892
1776082227
1467484520
2380679951
1472278197
2107070556
303613203
366152450
2776770441
2528246044
712400985
1598441539
2906302711
1277924200
346717293
1335700298
852150439
419718374
1892780447
1994044011
2896178763
1732576135
413785013
2760375915
2475459129
2962863487
853907014
844470944
682856336
552598204
3081023155
2902444772
726698571
2461800711
2657077824
2179381493
759865101
499677464
446144690
575560275
1499654194
428012912
313736787
2759207577
3062023641
2878310868
48283697
665973092
736890711
880524130
2486883973
2746589622
2795067100
814938031
269149984
2403719232
619683691
954775154
2971664598
1684171748
848619140
503938979
2655069527
2415141558
2774129511
1855921793
173671873
2102034157
2651212213
2341765637
2924047931
1101257222
2780414689
1073093771
1229696851
2050466248
726809986
2322336885
613244563
2564034358
1657117640
2865370226
2344959174
1617053777
2828239714
2016113725
629179700
497118716
265863250
686976968
940791682
3040163042
2883943528
2965900911
2275594028
1415999033
1855305212
83264019
2024460632
2618465132
1598151892
2494167882
1236457395
2236355448
1836212602
815709142
2864306955
2629450438
2497338894
1840660169
1840835370
1065984662
1850156966
1440363021
2303222070
1689145834
1065313343
706453476
2610529599
611737678
2487334064
223334820
3086535160
2317004178
1614939981
610653165
2247197505
1345190111
2850237684
438490204
956792856
355226214
1742478130
694125844
752556430
2550474914
934305512
2339905457
2276184377
3015966785
2548379439
597605230
324191669
2464974528
3086537251
2984978277
2643019804
475022720
283102054
1880828041
1868059656
2598873591
993854549
1388133808
2546012849
2487608889
1306799779
3069819117
1592708245
2829363484
2960145776
2726658431
903615846
2913225612
628794694
1257625337
1914872550
861578817
1275089973
77203606
1982529488
2153313740
2370593175
1318251945
1751102054
35576884
2874694882
727913179
3006694497
85742481
1450899101
1509291077
1138779872
1804685091
484368041
1234051658
2706883578
2055642770
329487146
1854551546
1523386367
2612383194
1038461280
748359579
1539280871
47583191
1129126440
1931910468
2700919656
908084321
2044438333
2152528948
90849910
1588153258
231230566
1352386979
1245472110
2600229056
380558064
2137331782
256829849
936958174
730627358
1122720230
2639228407
2402794657
2166902590
649956106
2825374612
2833818073
874246897
992190187
2434587227
805694826
2529024892
1569037739
675812116
2350435483
2120989496
2071257656
2604381721
2252601090
2774893140
2187641524
1429178919
299659526
2858006125
228653727
118033651
1577216336
2227327503
2161317585
871400533
2729432162
1674962628
2295953769
671734132
479354015
2521013916
1015778135
2919232180
1971628591
726938236
3112928938
2818866014
2518771626
139507715
1238073631
391362795
2425688621
2250865345
2565633017
2456160972
2810088259
1927228759
599410098
2626048304
2226133877
1445195799
1451974867
2696016791
1641071456
2648244812
823743380
620774170
904953123
2168812691
289963067
2087479086
2335431551
2988081598
2906849190
2653102537
3122992791
137373047
189966017
5575894
715143446
717748819
2133763519
434704559
168302436
1291040395
2322275202
644186747
1942821507
2971131372
31557543
2787729845
58646679
1136561207
594818262
1957565930
913199321
812504709
2316661363
2029648344
901230425
2580459276
2523533501
438330522
1814704273
1687709336
1880086940
1449926714
6885319
1505499295
2623729935
1209400032
773755576
2111345695
1054583233
333359270
2443464256
1387938777
2091117207
2422086537
989021269
426196930
2681303773
3081510461
2287736661
2719985996
884083009
2892676807
684685595
1419662291
1975312927
1443982182
791760203
2446390767
672247047
764167992
2895641025
2297999204
1330436171
2327074814
125022051
1412253996
2978335797
865637122
2653963342
820209965
377777276
621114341
2423935321
2005593294
261656903
900108702
2186470890
1556827569
27674619
1093557260
241736695
32532992
257427479
1219483833
2915856803
1800198433
2762787792
614835711
1538394600
504858821
1512183864
669376903
1334258505
1688178012
2228782222
2035186795
464592718
900436854
823219891
2291008506
1936674525
149107100
977626713
1772202098
2235071778
364288976
2971562291
59554505
1522496712
475546918
2576213423
264315619
218020891
1815287273
203930749
2388524613
142012080
1585345992
2886391401
551076178
3016217262
1983903602
814591202
1334258755
106982133
851229384
69950921
2503330892
1738207335
1367041695
2950168583
664553737
1847820181
840724308
2939555367
11739342
1335400092
1445119786
1015491380
2576890461
632183745
137132488
1379617397
3020980509
2628030384
2281771731
2680803383
39305306
1709166811
1767125680
2135408340
556825748
741180127
3019667604
970550604
436216862
2071433399
2714603544
1052289796
1770099241
63559091
795991374
2349455333
2144952531
853951899
2410957637
219969294
794654996
1330518768
1548998843
1022749287
1053628156
327310355
404945799
3098684770
1758495142
1454684213
2988604185
2334415059
520683797
550700477
238909066
2756201649
655507707
572929107
2045884781
509404387
1727059267
738659250
2461906392
1591489613
2646163176
2109667015
1593372128
615286229
1647408030
3072155749
2775815816
2724709709
2840292923
418019154
1806041313
2028711420
2361231440
1822752123
2516547367
2121160517
442121225
156956015
2666391557
877727671
2402269940
1182625004
72475658
1363967199
2183344633
1482180924
456815492
2861369753
702335309
270638473
2188126562
1465094625
1313249490
1706738667
1817430322
1405115349
2651608897
2693671653
1987857942
891573095
1806463562
2473822731
2217112093
2296385214
1183429325
1975014647
859795065
2706441590
1153170729
1499649966
798866161
2005141078
1930229699
2632759593
3025742850
388198052
558039282
972583244
2056746182
2176203485
2547205828
302817049
1548901486
1966940620
59408693
996383318
2257247279
802164438
688533046
2067360423
2430347866
2323250836
2322613368
932586140
2980518994
2834542355
1662889535
695302514
761047531
234226662
1421232039
85696304
3113732780
1099608112
894815811
694324402
822048386
1166760031
2730249017
1138173895
1485438892
1202937951
280350448
190090293
228615026
183705071
2653817701
2108096349
2691720502
1149635303
2435400212
2022326890
1642998959
2250916768
929119866
284017390
2213806062
746611718
717345176
644095978
1248314083
2179752205
1307645065
2667743878
2798650603
2010684885
1710140937
1875872628
2025018191
336259282
3057113379
2081019620
3032275718
1022798801
1408677051
2587779938
564669888
328566330
128829971
1468524780
2056151123
345376170
735402674
2964670430
1564575173
415286103
571376201
678582389
1897743917
1590367664
1343233980
393254268
1253994550
2764865009
1787745894
1282465150
319004122
2756924720
229659826
3037403424
1829721034
140865892
2988807179
395029598
1641680409
775910428
1305491087
2491603909
47098965
3092424208
2165370881
507634761
338279098
1944250853
1747500608
2321708532
2650033942
1144396009
2728789266
1729281500
2091036391
494394271
2486406141
1452009037
1736170332
2189448787
943639438
993566946
1910737120
1064235214
396036663
1709585699
938486538
1392965691
2729104252
2986834955
2963265992
651641649
2208158346
371068858
2038583328
2995841587
3019299017
387542603
2864215893
1266555552
1507149666
1106981568
1395832677
1349461082
1218479311
2322845798
450170174
2742131819
748688868
856306012
1560979541
785994367
1889490014
1319356659
382566537
939323959
3092420131
718317475
2811234477
1749911746
2924619484
179962920
1917419744
1058186318
1244611059
3044579780
1822632349
1570902
1292340423
945340699
1859992207
123176226
2783529009
2792212659
2489805575
1628636972
1712416166
10106800
2069742537
1742111198
2378104767
2824295245
618620091
440040872
2415412414
1997133049
222793412
2819067564
1497504749
2880928368
2131807388
1302134013
1530068969
2185697886
744258445
708737881
1980782081
686525896
285719381
1543028726
800819090
2667315100
1480054688
748431429
2453682056
628685013
1338300607
1040634004
21215833
437543019
134357321
1681426316
1053063829
623544977
373237148
1892882352
630300829
2968578469
2569741835
2486032284
1577316484
1694419990
2618612673
685898320
1055670349
1457120024
198792466
164922491
604921404
2086501130
2354988934
295641758
293825432
1416298493
2614142845
1329728138
1737800746
83739021
285578737
11459404
2711215967
913100696
1329706690
1875488617
1781208502
2170720702
1084871489
102197588
2840540721
2036876856
636886851
1116469320
3015353398
1551675538
1908554609
661066887
2022294793
3006397643
1341146205
14363105
2467648480
1159498592
1022490997
185438980
706123871
446854111
2518755009
1198091224
2470592297
2703036229
2336695127
668021462
1547176206
638685030
2794708692
6171950
2122874670
2087678000
1222464777
2623655466
2170712372
1185259716
1168875229
2984554451
970966611
1221823122
2495526028
1000658365
2876218785
52766837
761075115
282092108
1181430719
2209019579
1367298773
2361376064
1263692022
2585815136
574274986
1771239195
1537570499
355464497
862999628
2491956573
2686905166
1793730953
2827152778
1838920360
1823335948
1077734897
572172608
552257871
21947489
995105097
82861402
138260575
2036834320
2349291212
2481910846
2829242065
1435115079
1704793118
974445857
3087841170
1205820732
888371750
1353826923
505598837
645108066
2633489628
252929636
2434010744
523950932
1995721733
1661221598
2540397114
1459403823
2180751187
116879749
1608875357
1526061702
953071883
634594621
2249698752
480772197
993140788
1395599187
839980554
2704294104
2206272965
1940967817
1953732154
1322584999
1123333307
2965759375
762062378
1268528966
718928161
2781130819
2652703191
1415231436
2282134839
619649360
2484030460
385723715
1384338300
1456671972
3036757941
1110872525
1290668544
2508319599
375572024
447418037
3983389
1233675446
818001257
1289179061
1486520902
3092566802
1689518105
2541881893
1172243515
2091769231
2202075310
2797268623
190405561
220165331
421474065
177918463
1754874908
1230506098
3131325166
1335604387
1388509252
704553570
403500108
1886905146
3011982147
2144707157
1535876229
856385280
1221174165
856594827
2985007227
2554975759
2228244643
2641665834
1589918717
812686411
897432846
2007180849
862745804
2112600137
1647568424
2171530304
1627105919
48928532
2512465174
1500186218
25662841
3035898656
2323704494
1026711744
1537998624
2059185781
575507999
2005973582
2621026272
1413273511
3074620524
172673688
2957480339
638937070
1504592801
2562049309
2946815843
1184649934
731999539
49168910
1382366599
1909130940
961313670
2047226599
2294759762
2781850334
1483054716
2911426949
1382069844
1590023122
1275847318
305077073
1510506351
1050856658
2770146800
2151582794
270095438
1878420241
1244334943
2011849232
3125636364
3024594436
2674022839
2475708446
2758376440
1174032351
2553431054
1996533480
1059847864
2952055049
981544715
1483147715
1918839471
613209195
1065596256
1426864303
1465389297
1615349284
1842641479
2508916486
2728512843
2858557929
1077597600
920943494
2482456465
1654962030
1578565089
1070191551
1592671796
1652759820
2025766724
1525320179
770666043
823889266
2502779773
2455151390
2667927512
1231160116
2974532763
686673490
1405865144
2946976446
2315795667
1735268549
2010109744
1067143635
1343295361
2024402595
332940189
2154335985
2284005391
2868075332
2154356110
612592473
1042156644
1676953460
2785912941
1452551781
153929869
935731463
2726184130
2021595198
530987787
1908685916
344400051
59550032
2029294693
1261762867
1420440121
1549572837
268562988
247279023
2574999390
2443618366
974063255
1118619816
825685617
952352654
623459350
2245728810
1871845286
1132281106
1058278915
2448327825
1268724540
2182649999
1019511049
2218940143
1572685810
1569811199
47914203
690090487
1606176348
3074269929
263388868
516868900
281403140
1821616284
3099349206
1656020117
2890244858
2800426997
2447104615
362079757
1452217456
945451170
514358219
975598211
1883197556
1934528500
472783132
366485953
1163816520
3111443693
2616199178
1555055942
2168529639
2280102339
354850297
2206016731
739693089
2892214535
2922512779
235268494
2188793382
294147635
2661782398
2376891736
222129205
969772361
1691200524
1957382207
2984124018
442290856
2963828997
2610447433
1321965845
758691851
437811021
1527863266
1905370285
1513724514
47112464
2299075718
2231974271
1512737337
1379446229
2211867238
2943384924
2640648477
2311729336
2129329194
464186245
2894437115
1105620384
651869814
1013482288
983316593
2785443173
1250111629
586277222
1439747871
2146887612
5127372
2671028381
1012176619
1536234196
1133063848
2913460613
2831533401
1309450580
650902449
718773366
571593623
3073539489
1236004241
54645819
1189708200
1414261343
2141327726
1900254138
2751986190
1821330347
2968201134
2869748934
1957692390
3029920391
493466260
3019151377
2270496819
1056120393
434386410
2385595593
2821416575
2832841090
1518956525
1550910818
246149667
1497393829
1615912983
1877618208
1690792401
1852815596
104460084
2062896821
2729891428
2325902947
1452872074
2794915451
226236572
3028493319
1582209793
517645400
2711405178
1625592626
206256417
177903006
322214757
1816223457
2261651330
2334641819
1115669760
2806973187
1853629114
2423700748
2564341888
344723079
1615336676
2716905735
1223474110
1132766885
471479356
2960816189
1240691089
2326784842
1727330706
1735853073
1120076514
2077508455
649816854
2295940709
546752804
1392461006
3040114984
1553775628
372842189
670026598
807203281
986389307
1061975979
1065403337
2312956647
211043047
1994415105
1863297994
1617971106
1753520036
3044988852
629539512
2810208510
2790056753
2290766945
744715497
2374742611
476481473
329940798
2785260059
1050551168
358211928
872758360
782508373
293410398
315893030
489450335
2098886327
1333478303
1778753474
51496394
1768635428
739375428
2092034849
2997484025
2807308555
1594282234
465180103
233617673
8057627
2398959506
315227394
1239046133
1651328920
1454640309
2525618101
2649529490
278256491
1726072501
2704585837
2510572067
953791072
2578858310
1956762363
1447645043
1640461465
478310925
775703116
445233418
976152621
902441982
382496141
3044426479
65373182
1091057927
3103852086
1384556562
236023803
1600537334
457274468
1759139541
395538924
1008661342
98029378
3117418693
3029138615
2428060489
1481714808
2061669737
2061922836
871324380
739863116
1836114480
270224381
174555594
2748577276
524569541
2272954780
2222267282
1789411812
1131730384
578131577
1923211893
2357896171
2114992813
2194276222
447879088
2436509351
1719501921
3024666757
641866296
2453389664
1850720320
2453240923
2389629964
1708646786
2942145344
819048053
2868163613
2388398242
3038503702
600983026
907024866
683129129
2103610753
1315941685
2988207596
1323039342
2915770415
2272698212
185921297
84568129
1603736034
574914818
2360307527
249104534
1193338769
1469833105
651799723
134928174
1848055946
93156917
2952831297
2758464960
1658628960
722424173
1616285402
1126753742
207657222
3018687780
2081259524
2417554333
943718353
759311175
237378641
2578813856
2389124938
2501316370
318539276
2184396171
2275569142
2755273815
2454525528
2533879904
3097690991
2833032214
1336864293
557726204
1685085747
1912854160
908503404
2435539042
1753500521
2465046136
1309286075
1639325607
1821937206
2173579356
1537653289
224353272
310175132
815159729
1485944607
171984148
2322133590
1689394494
1285418428
2278791807
175281527
2495677117
237022298
617967213
656954178
1304917927
297155016
1183684772
1052258091
525162776
167459586
223608917
1771325716
937056298
1790558253
2797758532
2397567467
1452587971
2399244412
629816918
715839062
1554609476
725890700
2275348203
2121022676
580899054
3077209697
941667061
2129231634
1644939942
2168615426
2290846968
2188057740
23653773
2639200867
1245982196
2192726681
1368890454
2766682728
749777726
1634979494
658873846
2406557557
1893452026
2962507975
2775141494
498390162
2821044524
1655914709
2180109636
1586556523
2477268027
2723716538
343537111
2165663305
356296147
2595646097
2385889471
2033301826
56242514
1011682826
443197275
1971178050
2046599944
2181026672
917800691
1905316435
1377150683
233448090
979214667
2782909409
1598279491
2986051029
1898725638
921486956
246510151
652540016
2203231008
2667458818
2856068294
278464455
1969206225
1603727812
2212564162
2399257510
2511678701
1940604147
916292529
1968069407
900363172
1022657249
1605342213
2915110580
1265777838
2999454183
1208763723
2849308226
723779050
302277180
2881227828
25883857
884936188
2824669371
188894851
1313929633
2141905591
1802253904
2148441400
205584127
693199562
582700586
2909569480
1987944595
2508607195
1207981070
311165828
1099293776
1222627172
2048589306
281602049
1421643887
736670487
1428645000
1543580693
2205517892
251712576
2607755355
2439258902
400696936
643139838
1598292497
1367007962
1194983608
1016157131
1451558300
2972100724
2248234669
2574654286
56195137
1582528223
875707978
147956323
845593351
3031066927
1314000263
175540004
904161625
322052982
1477755086
2261057573
1887572514
1828671766
2292025576
2219200507
890750831
1038094018
3103717377
1330191423
265827226
3007430317
602987974
2807587677
42904197
1871809386
1880228434
1126868425
1622520061
361335020
2765321607
216454255
2095879267
2125769778
108575170
2870853180
2267946935
165328133
358542531
2511596090
982030083
1238813752
2382090770
232863983
2698195450
2335358254
2729396758
2078324367
2193986071
1589302417
2811984118
564921867
2596158321
1956871293
3085508157
3109256107
2015931029
1920554211
830666144
3069867333
2624416299
643360540
2870395140
851838614
1095370933
2468770419
2996693648
387542627
987810431
1720690093
30467416
956145105
558630583
2943916131
682588730
2729812508
2409021696
1606861852
2274056858
114078066
2434928079
907828757
42948146
630682900
639579255
2124751231
1967360042
837609826
2871789747
1684583036
703669836
2403458626
1231080681
3130839019
2809669567
3090783684
1380681984
1905202885
2828967500
2796727521
2327630163
2847222131
2273519925
1904660485
2011380109
296639015
790554019
1178862693
3122251483
1542058803
225700785
2719306199
2032790762
331141851
1398012237
2225106604
2377719680
1070684189
2797884547
359431159
2983936321
2598862459
1067147191
650503720
3097966635
1503199018
447993807
1843963592
2079923069
2443636525
1098822689
1146794240
2626777245
70072685
1371627129
3044787007
1011665035
2167896476
2897972025
2556661336
1465696533
1901310060
2709595652
1764805310
453669254
759441195
755590087
3044397727
3036982644
2817387758
1186584778
3084093071
3062775025
1833021271
1370072812
326986451
499486676
1244773354
1058250122
1372402292
1805629170
1410081579
465493098
2388088662
1869333456
2842205420
2363309970
975462473
1135031937
3103387797
1538727915
524256643
3030215181
655028057
1397539803
1573848234
3120040994
2303000112
1273524273
220046069
2691403181
137835616
2531535987
317653058
266337229
1482226724
815699564
3030745811
846292664
1891302156
2661082094
1575563952
924110659
2634951529
1497917319
573454752
1518633427
2350115894
2022367362
1984244338
1069172651
1575357595
469216725
2254395681
37554144
1807645076
2336364547
2887946011
871053818
2477652368
503241641
1836034749
1073300841
359650640
1746508737
3105346054
1942551100
2862843702
1089711227
1484063232
1956312582
2504000428
887621806
1932386629
936044262
1812815631
2797983797
2212881260
519613626
3023423049
2387800031
1669198007
2486321889
51121772
2107494672
1820435828
2192820448
2241168838
2272867269
2587939250
2546584572
2152449784
2133177152
970197183
596986074
2119948119
1628525884
1479970383
1633793059
2597586547
2235721643
9253477
2429299868
1819205187
154982577
212053081
2212580385
2822690871
2999310146
2231595407
2977604886
727858568
2653889851
2653547144
2170968471
1783270086
228201416
2633201727
947625938
713546992
758774616
284840801
319191966
2263543255
2240661638
162384288
1157269833
2704274606
2542187160
1052469724
1898342447
1053089681
412419883
1353231695
286389510
2211718324
1649653557
1133614934
1896520344
2790715512
1709631339
1483008094
882440200
2177780383
1665366586
754686397
1639187764
2716119737
1564212622
2117542415
2079705199
1264753990
1629202588
104412815
2602069263
1937158989
2829102194
2488153749
281725019
1433596252
536368467
533633027
743836985
1628249639
2949864756
2751738962
2616765608
1695934479
1333879619
446997980
400910602
2405003149
1355814183
1910043480
1389903027
2832608557
770387765
1411996582
2326799134
193369638
2446371848
1021752379
2046391319
1663714046
737735442
1015753906
2426453631
2251997168
1058653253
1121593308
2922203781
2549379921
2734145842
1964397463
2060107367
2082292695
39249590
1834345737
2751153001
2640959289
1096388437
2251154477
2656218161
2910312409
1308191443
2111150128
856489197
147869229
2909378791
2504556416
2082347529
1678244502
2909894860
94611964
2875807742
2027205781
2315257310
2658203814
1050971617
2336338258
322155842
1744759945
2782411636
2511411530
2412273058
2734973851
2128651231
81660468
2375506126
1766007229
311949057
3111765687
254085976
651414985
2808683254
715269098
2800419295
1232019277
728549444
593111239
1682457936
182412208
1223599136
2529767621
2767160719
1897624962
1658091324
2597762147
1111470159
2670595534
1455883213
42799380
2533737663
2805279017
2235081174
2459710701
887934810
2165271757
1139422724
2200344419
2796862757
718786925
2732544868
863291141
646722810
2549875916
1329686249
1794861132
859777423
761382270
1675971237
1658741813
1244804795
2292025056
609536494
3013945141
246981618
1875958822
689198397
2719859658
2407961691
2748760205
469700994
530861835
3100775098
940245861
1178119016
1442242976
3096094327
1933974266
1524073570
1731319858
1698059822
580958224
2377951978
3115559559
2629465179
385384551
222584981
799867807
3027250480
2274033253
459940625
608420370
877955487
781105047
650239217
2304557367
364126388
1762563733
2369961916
1515562518
2523577412
872873904
908600962
1801308139
2638017964
1345208570
1901084620
2122624624
2242312312
1987543090
173656855
3010009046
1818128210
2143944605
3124908616
2663161405
3102296151
1195608990
933735054
2631035404
624187260
1654388228
2252424894
1263719739
2910785051
2759118614
2928804952
2717093024
2716068040
1433963987
1374606337
3096870627
2630079863
2953242282
1642314151
1926768416
582148865
2346928318
2251187683
2257581963
2088527056
74521945
2087114729
611992198
212600390
2275507137
2812253317
2573888176
1052067492
1325989688
254626240
1720892457
108692761
2420011842
617204943
2070757824
1939704445
2730575132
841383908
1678273161
2901597174
1830374685
1946236885
2134363645
331715184
271736791
445439593
1832521603
257654642
1162430583
1722925554
1776278396
1888242989
1295805307
3132887651
1293461054
2617507171
577236141
188625706
92252808
963521966
2972808953
799814948
3047325909
2859600619
1335494020
2330561567
2300190128
1370665704
495120047
539907190
630887746
786931843
89312201
2722795375
3084024970
572491166
876683611
1088517327
1302551879
1860658006
2448226455
1056683281
1429654387
681161151
1139257933
3021142204
2529495469
1530871745
2091706590
1733679506
890563581
1511159058
2117337668
2688766276
1174366948
1212631887
2054926151
1691670785
654007489
1016081458
1815499804
2566919139
1715899946
2553199861
1595154655
1859668741
1210165856
1613144837
2031798255
783439699
2269318300
1591925561
352372026
1072052952
2433195847
1187597359
1439292667
2473783303
1297197716
2820314924
976439110
1384629396
1052282913
1627845671
1447172102
505785557
1609990308
102641327
1892677283
2382134658
996606102
1235016631
742126545
2870141999
2116641168
1196842907
2023346968
2137430052
2080613281
2955624367
2649709741
1563498939
1538339047
693828130
577213451
1195565806
3120914152
75270696
2792617189
1765732254
1380006184
664216474
1101998889
2859149184
857879870
2323055073
2139364673
37155442
143864012
2963524272
48476345
1981336187
877441965
286407540
835722374
1258935989
1408096747
1365258756
3078060610
2557956148
2372553429
2045326898
1294705540
703359117
1516400021
2247441730
345545394
2418547099
1385065379
1436785023
2211036425
505695260
2809735460
1266711543
799301400
1243144870
2016010067
2558329184
2967069589
2621666032
2368737420
2324862489
735306382
95349739
2832025467
2352953003
2322376065
1919973677
1044379232
2250607550
2908514437
208607164
731626708
2455398295
2155449543
2708017090
1996395980
258524520
125036214
2076031772
13177123
2415139912
2579422870
2734374572
2578628728
147521970
2050160417
44233164
2835784158
96498467
1502886529
593772125
1590947236
2707491040
2616608187
927074964
2428256886
2501213400
2979201245
966473713
732256404
2281827029
1311823622
591984902
2703359126
2206147384
3076065221
455296265
418313852
728710757
2991632490
564478782
2734577900
480587157
1078749575
2154624538
3048784586
81895587
613576444
1525262082
1470799421
2377174046
1251684870
700569438
2712858535
1363292771
2371340847
3047137790
9339744
721161906
2543577545
1885966832
1292454309
1697830798
935282971
548902646
1638362801
1652661017
597676262
2413795795
3107838356
1265459515
2190367236
991332733
1222644588
2116623239
1408617438
1285147232
2448287487
2625801575
1467940609
664148334
149449566
2523778038
1963534824
194600324
2383500536
448798846
121046128
2689552149
2887146746
89604293
1265489193
1949654968
1715795965
370173677
1303141780
1517264852
3053799060
1857444768
1970287083
1044563860
312887233
2561510120
1941444959
1226846368
2479177983
377822118
1544731826
1733606471
1732935912
1870634566
2122032218
1322305740
2591825803
1120643247
2029227263
830137603
2053678035
1970685810
2265780232
2554751140
2804052761
2119916206
1762677932
900859071
1698881099
1807268071
2611274274
148773799
1159261707
752261559
1882376945
1023326714
1489470393
3032683551
490079234
1643407277
2976757639
1273290865
3071582015
1818918439
2363602685
2353640004
2200660812
1897343809
517860154
2409781248
1481621692
531458570
1910588860
2300811941
2264046238
823415049
1464452247
667142214
1391209297
208247530
1100303663
1846574955
1765142831
262038287
2134287331
1036541180
1956730068
670893896
2343544492
3039898799
761927390
91624997
1389568038
394388836
1571106967
1716617966
2331292984
1775000699
624840967
1335772642
2371217073
2239211927
308622435
1915345009
2024443892
2769690677
3078917890
3123800217
1793915910
2394044153
2164244940
2802084846
313771356
57335530
59138924
1886157454
2916479118
980401440
1827296629
1221399359
2224901441
229076641
1087416430
1419148500
1095926105
1845148730
2600546706
1704500025
2506179462
2003398942
2266830966
1133988115
3128874247
507698662
605586891
2536498258
1385432632
880084138
2524771910
79789554
2281579541
1591170388
283001578
3013286314
1860047611
669746058
175324825
2948487930
142244402
24404295
2241807347
3047557016
2921180414
1656693627
426481736
963549639
1701105357
693616567
1299065443
1108998921
1656582118
384618671
395231687
3122498080
2624945897
2968885167
1866168935
1224313535
452874692
2503455098
2631299391
1472413115
2972198216
1843536092
356049477
3076155443
3129838933
1341188909
571864742
2582947784
2065645340
2458174314
120231741
2790248246
1634483322
2423186096
1578397272
2180174715
2889327361
2735281292
803203429
1662403644
986465924
329841700
2375830857
246795465
1624312
1696052891
1778139165
2567132694
937736152
606264344
2243796088
280872695
2337012184
3028405058
1630479478
3066573173
2953014582
855285446
1102038868
1908937247
530620358
2810287286
869162107
3041893602
404396572
2867928124
346849625
1044382548
483489519
950409312
2052705293
1077093031
440849305
1132785434
1012495409
2489174936
2342079703
855151551
182654564
1859998684
1267273522
385857961
2658610284
1360215006
2303907659
1898734237
2772421562
2156549471
2423269700
2335332120
430308509
1001436048
994768736
2040136775
1764267945
918981108
1056711652
790653667
2768974477
280826535
2775073470
1327364779
2169714540
2290913630
2046399902
2989462433
2430895812
223166075
55726158
1069402484
2255963216
999842935
551464651
2966262582
1824701015
1697774357
440515018
385066960
2361332662
752741554
769246995
1903534729
425267449
1768618875
1288801064
3105823796
186033704
713517559
731764349
599519216
1508323926
2778906132
1347547805
681232439
2828707637
606137189
2345215814
927967765
2578545907
291006274
141676823
1280195501
1904350434
2400665882
682120400
971134055
3080030657
2848083808
2612688778
1842262623
241220082
2403859281
43480300
2842239156
177621181
214365290
2632527350
471199519
1832217647
225671404
3086711367
1075314633
3117885682
1810962707
1221634304
232344735
174980730
1117943546
2943847167
2357875488
135197425
2432080852
2082362145
1673749771
455373141
241843676
162291929
872939257
2555898473
2468695836
221167358
457530400
1861139071
1578788882
1421411392
1048199772
595538693
396576213
643457914
2829958707
1342319083
2105675129
1867689327
2052434999
2455519972
1245675984
2762101957
362777454
964145517
2577359360
2318421441
586310653
3010200193
1781433294
1920460844
2901019574
2721685672
828269498
1854293801
901760816
2800296262
1607478775
698891153
1317695071
854774359
382100810
405736764
2747667628
1534705565
995790466
1775791760
296331401
2486997708
1856248165
2501612558
822573188
521736436
1924959873
973739298
2059535209
631511607
1016144676
1709039116
2263382623
1459922939
2282287702
2471902283
1398577239
595038376
1582937671
1942658885
510608732
2868630091
1539651629
3031160805
482169973
2545569899
2193170572
3075947649
2573516786
446253690
919911908
550544842
2375868113
2210233703
611680689
540769671
197062471
382140816
2853195653
2199811851
2014814887
772993733
2340257647
2684444191
817920416
730096889
2421643760
2603223232
2186977381
934872878
3096642633
1450352942
1681335781
970277459
3103746024
1072719575
2986825514
2820814301
2409548547
807141002
2949747592
2501671482
2584548421
1402370761
301195511
1255800460
1233679264
92917357
2183069480
1648869448
3115061795
1671502838
307577945
440435227
2956397195
27085898
2876902174
3018966643
2206199931
1998162999
2093553159
1634061073
1994826025
2849955280
577676305
152106501
132464841
241120764
1455202920
2889301412
1949357001
355929317
1056212315
2614045608
881029123
789108682
2911201171
299219447
572288806
2727963856
638609925
1265733377
1420099075
2171973693
949348498
3035211936
690232738
1055080577
1434802328
2951496705
489105733
2155722022
976823710
2201126819
2820313519
2202900255
1485930275
1343639069
3067652490
81661216
599179691
1247896137
2452228302
460587424
1239405768
1773032320
2679125254
597681485
2831222527
1334783308
1173250271
2790736969
1508306544
3129991521
1244108900
659478945
1497122307
605583944
2966426869
2966188605
1544753419
2767129970
2816853125
78784948
1736834653
1464456121
2668190897
299848426
3088469890
252668930
441294552
25767639
709338122
2988338744
135423298
2148232437
2177652602
2236600236
3011983571
2323947009
3122258247
2009159271
2891320213
3083085289
464909677
2191687105
2704793205
105082797
188641218
1705676424
949403755
2645668523
1827337415
1120809829
2458684859
2496994492
1990981182
2395292204
218351149
223606467
1502963286
1789342561
301422911
2072091395
732400114
2150198497
1138140212
1743064189
1810697023
76016481
636508432
2966746125
2407881395
134991560
2497550652
2049122379
2698766032
1626248459
1545710019
1305029347
1387825615
572178081
1732698294
3125629000
2486607146
2284881294
1298345213
2776482249
235643385
1312858785
2197260376
1989022386
19710272
2573091742
3088703083
2634872932
648872166
3069299030
1012387782
1704296445
1963087347
2648319267
1069418499
2265180147
930729185
1572962354
1115825570
2300069321
2906711983
3065507406
2739727724
2324065487
1627986450
1213296479
2393057231
2867832535
748138917
1590595607
1687463956
2898592827
749073230
1757461584
37325647
2025246756
633692739
582969992
3092643461
3019580365
3105760178
348492821
1720947860
1632476422
505147363
2979828494
1508947960
781098445
899629453
711103785
256079801
2255303824
643826241
481721986
1028406857
381185667
2339056751
1817353019
399358378
2546077449
1936989699
2961672710
629290469
1778879443
1191351887
1270542220
1647132730
663425631
1510238004
2394404492
2438305874
1031846025
49717520
826932047
1619455747
265827476
2530817538
1331836805
1146369525
2955926703
903436573
1156111239
774755413
750531870
2193669192
227730733
1555407910
1355780572
47884897
694327767
2054827152
168526195
1225380495
508896345
1529045992
1951194633
750180933
1279374811
2920974367
1756756639
2395135798
2821435693
1016616461
67199012
840773808
1135129914
357727132
1904803102
1622444685
277071535
2175680438
2024229826
2026085621
2399151473
1063020144
2722242965
912354000
1962257188
935247835
1362633172
2971748596
2865019666
3013584792
717015361
2622393293
1313770770
969640726
2466041394
1593351652
323619399
1393798167
685492405
2784489583
682347965
7784315
1682787148
422378588
2892606213
679295517
1234435706
2524495916
618394152
1222649487
5833122
2665064558
95362392
1227658115
896734825
2443901152
700125448
1787352740
1937278591
628545125
765567453
2030362613
1971586543
1734452576
643770205
1275617813
3085422865
Encrypted: 0630543474e31b91c2b048ba3bf20226f0f55cec646d306233fb0fcc13a1dd6b3320cec24ec7571259fc70e29ebd405cdd61d6e8
